RA,DEC,z,M200mUPP
1.7268515362159462,-0.6864417504007096,0.546,4.382059641873228
2.2174847947200647,1.2828833500521266,0.623,4.2068208242077185
3.0257918089627367,-0.7708627732480511,1.36,3.0229384218316944
3.3257627782645045,0.22058508047431047,0.763,3.8617422849295977
3.7248589460398875,-0.9505985351606177,0.5331,9.668050757919087
4.560244020381731,-0.38260994832172424,0.801,5.392929463715302
5.550638455897143,-0.6004576170820961,0.8048,8.497942261273145
6.150877622149267,0.033333335213688066,0.378,4.360783078526191
6.559738732605695,1.3391564555942788,0.64,7.5317386969119315
9.648591286818913,0.7455817091115705,0.695,5.442403387192005
11.104982690567368,1.2168199591415876,1.11,5.2632188768264525
14.521515954320591,0.5165608443540598,0.79,6.527739517840609
14.780750254225723,-0.8295519972510093,0.787,9.137677896008881
15.292493622121185,-0.4958761654410166,0.418,4.429225870465628
16.225850760883333,0.04995024281307045,0.277,4.558244076136948
16.698544351341326,1.0536853626390894,0.253,4.4463403795697
17.757694110772405,-0.9806023348963149,0.433,4.563025521351542
19.999032529219505,0.9249664977824101,0.731,4.648400761703318
20.100887873307812,-0.31666827885771653,0.351,4.594708590418627
21.818719124675482,0.3490366806187123,0.3801,7.4318104630964825
24.380000000000024,0.6041050330780305,0.8,3.92341209650286
27.329588697508456,-1.1942956939545968,0.43,4.914697334954571
28.173221418854865,1.0068334381772963,0.2291,11.601107935116177
28.384187364290426,-1.3043240981402375,0.243,4.073845055232014
29.098553405536023,-1.386335158302887,0.453,5.5160667933167735
31.555175550433177,-1.241513858153732,0.6758,7.425730205810805
31.605005070333448,-1.3043550354373488,0.195,4.0194506763056115
31.93499172008174,0.3519037511376904,1.1,3.6542167521930895
33.866112882261405,0.5103540058700067,0.862,6.5193691268586536
33.896666666666675,-1.2289738970530617,1.23,2.839390390766925
34.45083593910877,-0.8042189978898873,0.788,3.0681426064885486
34.565669785852776,-0.6957510040222578,0.6727,5.056075028679114
34.673392100614336,-0.2533938417933626,0.65,3.784536795189654
34.953513214951755,0.37369676866144624,0.538,5.461718733404779
35.40082003858785,-0.20833379240697547,0.593,3.5745784139526355
35.78787889451766,-0.9495373275613923,0.6632,6.777316484906609
37.11016709616197,0.5051291665803826,0.72,4.310604828805758
40.013269321414725,1.262996750584045,0.601,6.114885901088694
40.314970509214646,-0.31053398140060695,0.687,5.449742990300377
41.45608774580725,-0.7093604219620452,0.181,4.800561446979043
42.199941305727805,-0.3265576815901665,1.08,4.165826601791335
42.533536304994186,0.14033249519469868,0.79,5.023333488259359
44.132621085882306,0.09776870342966107,0.3625,6.942163959070239
44.96841048868194,-0.6235914846173898,0.63,5.33893214239294
50.126110276053765,0.5374787754593953,0.3847,5.262974330431767
51.71292141622203,-0.7330877502929827,0.447,9.770031413524384
55.499465139002695,1.0917624851734065,1.07,5.056643289105394
55.684240274991794,-0.29594047394682793,0.31,5.0024557007842185
56.35926783490444,1.0000507765306095,0.183,5.242683126082263
56.75083513498964,-0.7166853556500776,0.49,5.079230643856993
57.16010326336816,0.4900268170945917,0.3449,6.296433496944961
58.466122891850546,-0.4182773625967074,0.81,6.168517271251172
307.32174478940334,0.4998095608693312,0.24,7.693671169398238
312.627921543375,-0.9314757658033321,0.6226,7.7097760095433125
312.6850726224518,1.3758475571739512,0.3339,7.94068959348341
312.79666666666674,0.954090213302207,0.333,5.706978559112377
313.85505596496415,1.0958537577156637,0.4089,6.17932028776206
314.7216105460167,1.3794125091711171,0.3285,7.8413744856436
320.4466666666667,0.6707818650080015,0.517,5.5035934320356485
322.41146371027105,0.09201928080261985,0.2337,9.79400062892561
322.5425430787952,0.7708681299415574,0.71,5.577160343302282
328.6306639717184,-0.8214293811301839,0.4904,6.819948577634544
329.0397663283476,1.3839145740789947,0.227,8.116069505260917
335.1883333333334,-0.7042088137135558,0.599,5.30554290862677
345.64761139370523,0.04470981793879545,0.5199,5.775531466821
347.2091603567819,-0.050003290548591185,0.464,5.081882919505219
349.9487548340527,0.500106345407589,0.9024,4.662831058119034
350.0052151986108,0.5500939566902409,0.9024,4.320292168618338
352.5716464947956,-0.21249697352850472,0.427,3.7627378272891185
353.214433198301,1.1658512811894481,0.487,4.398519763717747
353.6758196484943,-1.0750630808712982,0.545,3.98778870120412
354.03554826467393,-1.1861709426114835,0.265,3.815030605448989
354.4092209825677,0.27108009472412714,0.2769,9.555657585278052
355.9268069922123,0.30617553690971094,0.27,4.232055860572804
356.30071312802517,-0.6916834671782218,0.57,3.910057958261088
356.89722934431296,1.2681875702600844,0.96,4.464708211201173
357.9312257535503,0.15123315680526603,0.99,3.887565061207216
