RAJ2000,_DEJ2000,RAJ2000,DEJ2000,z
0.05791694,-25.18113889,0.057917,-25.181139,0.08
0.12416694,-25.20316694,0.124167,-25.203167,0.15
0.26583306,-25.06488889,0.265833,-25.064889,0.91
0.4225,-15.67536111,0.4225,-15.675361,0.12
1.60916694,19.99561111,1.609167,19.995611,0.46
2.81708306,0.86980611,2.817083,0.869806,0.36
3.36875,-27.38861111,3.36875,-27.388611,0.0
3.43833306,-27.28188889,3.438333,-27.281889,0.0
4.16291694,-1.03652806,4.162917,-1.036528,0.17
4.40583306,-0.8765,4.405833,-0.8765,0.21
5.16541694,-2.07783306,5.165417,-2.077833,0.27
5.80875,0.20041694,5.80875,0.200417,0.27
6.70833306,17.32536111,6.708333,17.325361,0.49
7.39916694,34.88963889,7.399167,34.889639,0.73
7.47458306,35.08541694,7.474583,35.085417,0.45
8.44333306,-43.35013889,8.443333,-43.350139,0.0
8.53166694,-43.37691694,8.531667,-43.376917,0.4
8.62541694,-43.31822194,8.625417,-43.318222,0.4
8.66416694,-12.12105611,8.664167,-12.121056,0.44
8.95083306,-43.37566694,8.950833,-43.375667,0.63
9.02083306,85.22355611,9.020833,85.223556,0.81
9.11458306,-43.47525,9.114583,-43.47525,0.41
10.33125,25.43858306,10.33125,25.438583,0.15
10.63166694,0.85552806,10.631667,0.855528,0.15
10.71916694,0.71752806,10.719167,0.717528,0.27
10.89041694,1.01933306,10.890417,1.019333,0.2
10.99708306,0.11855611,10.997083,0.118556,0.22
11.03791694,0.94669389,11.037917,0.946694,0.79
11.56333306,85.52152806,11.563333,85.521528,0.62
11.60208306,42.07486111,11.602083,42.074861,0.3
11.97291694,85.45430611,11.972917,85.454306,0.31
13.94083306,0.64466694,13.940833,0.644667,0.12
14.0125,-37.54666694,14.0125,-37.546667,0.16
14.23083306,-22.23508306,14.230833,-22.235083,0.12
14.23583306,-27.67552806,14.235833,-27.675528,0.56
14.37541694,30.22266694,14.375417,30.222667,0.12
16.09333306,-6.50125,16.093333,-6.50125,0.95
16.535,0.84205611,16.535,0.842056,0.25
16.74458306,32.15944389,16.744583,32.159444,0.11
16.83416694,14.26783306,16.834167,14.267833,0.07
17.24458306,13.43269389,17.244583,13.432694,0.15
17.59916694,33.09558306,17.599167,33.095583,0.6
17.79833306,39.07747194,17.798333,39.077472,0.0
17.91791694,-45.65222194,17.917917,-45.652222,0.37
19.10083306,32.95472194,19.100833,32.954722,0.45
19.13375,33.05694389,19.13375,33.056944,0.64
19.84416694,-1.16991694,19.844167,-1.169917,0.15
19.92625,-44.172,19.92625,-44.172,0.12
19.96625,-44.255,19.96625,-44.255,0.12
19.97791694,14.28197194,19.977917,14.281972,0.55
21.0,3.853,21.0,3.853,0.88
26.12625,2.21027806,26.12625,2.210278,0.17
26.205,-4.54613889,26.205,-4.546139,0.17
26.56458306,-4.67552806,26.564583,-4.675528,0.7
28.17125,-13.64886111,28.17125,-13.648861,0.83
28.17583306,-13.963,28.175833,-13.963,0.83
28.3125,1.03727806,28.3125,1.037278,0.06
28.56333306,-59.63291694,28.563333,-59.632917,0.36
28.99166694,5.53355611,28.991667,5.533556,0.0
29.21666694,37.93438889,29.216667,37.934389,0.52
29.22208306,28.72758306,29.222083,28.727583,0.27
29.31875,28.78919389,29.31875,28.789194,0.0
29.33125,37.94394389,29.33125,37.943944,0.24
29.44291694,28.82169389,29.442917,28.821694,0.4
29.96625,0.28205611,29.96625,0.282056,0.75
30.07958306,0.3255,30.079583,0.3255,0.66
30.92333306,-7.78491694,30.923333,-7.784917,0.44
31.8325,29.37788889,31.8325,29.377889,0.0
32.55375,-0.246,32.55375,-0.246,0.28
32.55625,-39.54647194,32.55625,-39.546472,0.17
32.58625,-0.11847194,32.58625,-0.118472,0.0
32.68958306,-0.36725,32.689583,-0.36725,0.31
33.67041694,-4.55608306,33.670417,-4.556083,0.14
33.82833306,-0.637,33.828333,-0.637,0.28
34.24708306,-4.82222194,34.247083,-4.822222,0.44
34.39458306,-5.22413889,34.394583,-5.224139,0.65
34.42291694,-4.86341694,34.422917,-4.863417,0.0
34.48041694,-5.44866694,34.480417,-5.448667,0.25
34.49708306,-4.87108306,34.497083,-4.871083,0.0
34.635,-5.01502806,34.635,-5.015028,0.88
34.93208306,-4.88716694,34.932083,-4.887167,0.33
35.09666694,-2.84038889,35.096667,-2.840389,0.23
35.16166694,-3.02941694,35.161667,-3.029417,0.16
35.18666694,-2.87441694,35.186667,-2.874417,0.57
35.18791694,-3.43194389,35.187917,-3.431944,0.33
35.43916694,-3.7715,35.439167,-3.7715,0.43
35.51791694,-4.54433306,35.517917,-4.544333,0.32
35.52625,-3.05377806,35.52625,-3.053778,0.49
35.6375,-4.96755611,35.6375,-4.967556,0.0
35.72,-3.47533306,35.72,-3.475333,1.0
35.78208306,-4.2165,35.782083,-4.2165,0.63
35.94833306,-2.85819389,35.948333,-2.858194,0.17
35.98458306,-3.09980611,35.984583,-3.099806,0.3
35.99,-4.58858306,35.99,-4.588583,0.49
36.00791694,-5.09122194,36.007917,-5.091222,0.32
36.01583306,-4.22594389,36.015833,-4.225944,1.05
36.025,-3.91725,36.025,-3.91725,0.56
36.11375,-4.84113889,36.11375,-4.841139,0.49
36.14083306,-4.24247194,36.140833,-4.242472,0.26
36.24083306,-3.81419389,36.240833,-3.814194,0.61
36.29041694,-4.02711111,36.290417,-4.027111,0.17
36.57625,-4.00002806,36.57625,-4.000028,0.2
36.64458306,-4.06888889,36.644583,-4.068889,0.35
36.78958306,-4.30138889,36.789583,-4.301389,1.05
36.84208306,-3.36255611,36.842083,-3.362556,0.33
36.86125,-4.53586111,36.86125,-4.535861,0.31
36.91041694,-3.30036111,36.910417,-3.300361,0.84
37.05208306,-10.09397194,37.052083,-10.093972,0.15
37.11375,-4.42838889,37.11375,-4.428389,0.43
38.44166694,-8.84680611,38.441667,-8.846806,0.25
39.49958306,-52.40955611,39.499583,-52.409556,0.14
40.46041694,-0.09719389,40.460417,-0.097194,0.28
40.79833306,37.39161111,40.798333,37.391611,0.52
42.04083306,31.25455611,42.040833,31.254556,0.35
42.14833306,31.32138889,42.148333,31.321389,0.37
42.52666694,-31.06688889,42.526667,-31.066889,0.91
45.43958306,0.05994389,45.439583,0.059944,0.69
45.52125,-0.001,45.52125,-0.001,0.65
45.5475,-0.02619389,45.5475,-0.026194,1.19
45.7225,-0.09847194,45.7225,-0.098472,0.0
45.8225,0.21066694,45.8225,0.210667,0.59
45.88666694,-0.95986111,45.886667,-0.959861,0.64
45.95125,-77.87813889,45.95125,-77.878139,0.27
46.56,-0.09327806,46.56,-0.093278,0.43
46.57166694,-0.14294389,46.571667,-0.142944,0.11
46.64166694,-0.07325,46.641667,-0.07325,0.11
46.65541694,-0.30463889,46.655417,-0.304639,0.44
46.68416694,-0.02019389,46.684167,-0.020194,0.11
46.74916694,0.14025,46.749167,0.14025,0.08
51.47208306,-6.28886111,51.472083,-6.288861,0.32
52.70708306,-52.47680611,52.707083,-52.476806,0.44
53.46458306,0.10011111,53.464583,0.100111,0.49
53.68875,0.28533306,53.68875,0.285333,0.31
53.98416694,0.53741694,53.984167,0.537417,0.43
54.4875,0.48427806,54.4875,0.484278,0.32
54.545,-22.93994389,54.545,-22.939944,0.17
58.56083306,0.6175,58.560833,0.6175,0.0
58.57083306,-0.1685,58.570833,-0.1685,0.21
59.36,1.30177806,59.36,1.301778,0.13
59.38208306,0.99427806,59.382083,0.994278,0.58
59.43583306,1.02691694,59.435833,1.026917,0.36
59.52375,1.167,59.52375,1.167,0.0
61.69375,-71.27458306,61.69375,-71.274583,0.23
64.19083306,-55.41947194,64.190833,-55.419472,0.37
64.27,1.22525,64.27,1.22525,0.32
64.93583306,14.65125,64.935833,14.65125,0.19
68.41166694,5.38611111,68.411667,5.386111,0.12
71.99958306,-20.62261111,71.999583,-20.622611,0.41
73.77625,-53.3955,73.77625,-53.3955,0.41
78.93791694,-0.17669389,78.937917,-0.176694,0.47
78.95083306,79.66638889,78.950833,79.666389,0.61
79.04166694,1.165,79.041667,1.165,0.32
80.29541694,-25.51763889,80.295417,-25.517639,0.58
80.56416694,-36.42047194,80.564167,-36.420472,0.47
80.69708306,-48.29286111,80.697083,-48.292861,0.21
86.05916694,-25.92986111,86.059167,-25.929861,0.26
99.94125,82.31313889,99.94125,82.313139,0.41
100.04541694,82.48394389,100.045417,82.483944,0.83
101.09833306,82.44069389,101.098333,82.440694,0.0
110.09166694,71.53219389,110.091667,71.532194,0.27
110.22625,71.15013889,110.22625,71.150139,0.23
113.85041694,43.88652806,113.850417,43.886528,0.13
114.02416694,43.65283306,114.024167,43.652833,0.43
115.63666694,65.28458306,115.636667,65.284583,0.17
116.515,30.87902806,116.515,30.879028,0.22
116.855,31.02958306,116.855,31.029583,0.41
117.72125,50.05463889,117.72125,50.054639,0.42
118.61583306,22.16413889,118.615833,22.164139,0.4
119.35333306,39.34658306,119.353333,39.346583,0.1
119.66291694,35.32769389,119.662917,35.327694,0.17
121.5525,15.38583306,121.5525,15.385833,0.41
121.64041694,15.53572194,121.640417,15.535722,0.28
121.80333306,15.45041694,121.803333,15.450417,0.11
124.8275,70.91597194,124.8275,70.915972,0.23
125.39625,1.04222194,125.39625,1.042222,0.13
127.60791694,52.69122194,127.607917,52.691222,0.99
127.8125,52.58163889,127.8125,52.581639,0.52
127.94916694,52.8435,127.949167,52.8435,0.45
128.72833306,55.57247194,128.728333,55.572472,0.24
129.35166694,55.54716694,129.351667,55.547167,0.28
129.73291694,25.63441694,129.732917,25.634417,0.91
129.75041694,70.83327806,129.750417,70.833278,0.44
130.18416694,38.51397194,130.184167,38.513972,0.15
130.21875,38.64597194,130.21875,38.645972,0.12
130.35166694,0.77713889,130.351667,0.777139,0.41
131.75583306,34.85355611,131.755833,34.853556,0.43
131.79666694,34.81177806,131.796667,34.811778,0.56
132.145,44.89497194,132.145,44.894972,1.27
132.20041694,44.93508306,132.200417,44.935083,0.57
134.42208306,9.01916694,134.422083,9.019167,0.15
135.25625,60.10172194,135.25625,60.101722,0.29
139.0375,30.45502806,139.0375,30.455028,0.59
139.59125,21.24611111,139.59125,21.246111,1.01
139.65333306,51.84477806,139.653333,51.844778,0.44
140.07875,37.10491694,140.07875,37.104917,0.21
140.21833306,30.468,140.218333,30.468,0.29
140.24666694,30.57183306,140.246667,30.571833,0.26
140.29583306,30.46616694,140.295833,30.466167,0.43
140.31041694,37.02536111,140.310417,37.025361,0.29
140.85583306,22.94602806,140.855833,22.946028,0.19
141.41666694,36.45308306,141.416667,36.453083,0.11
141.435,30.90886111,141.435,30.908861,0.41
141.44041694,30.98247194,141.440417,30.982472,0.52
141.6725,31.05244389,141.6725,31.052444,0.67
141.71125,31.02425,141.71125,31.02425,0.49
141.74583306,36.20530611,141.745833,36.205306,0.49
141.76333306,31.01088889,141.763333,31.010889,0.48
143.02333306,47.55391694,143.023333,47.553917,0.22
143.24666694,55.26216694,143.246667,55.262167,0.1
143.45916694,55.43891694,143.459167,55.438917,0.49
143.705,55.17319389,143.705,55.173194,0.55
144.28875,61.27116694,144.28875,61.271167,0.21
144.3425,61.23797194,144.3425,61.237972,0.2
144.93958306,36.01605611,144.939583,36.016056,0.36
145.14416694,35.99722194,145.144167,35.997222,0.31
145.79666694,48.16558306,145.796667,48.165583,0.28
145.88458306,16.66525,145.884583,16.66525,0.25
145.9925,16.68908306,145.9925,16.689083,0.25
146.37708306,9.77530611,146.377083,9.775306,0.22
147.77375,39.29525,147.77375,39.29525,0.47
148.43166694,69.79305611,148.431667,69.793056,0.21
149.01458306,41.11863889,149.014583,41.118639,0.59
149.04541694,-0.36605611,149.045417,-0.366056,0.54
149.40458306,2.57363889,149.404583,2.573639,0.37
149.75541694,2.79458306,149.755417,2.794583,0.49
149.7675,2.63730611,149.7675,2.637306,0.08
149.85291694,1.77119389,149.852917,1.771194,0.12
149.8825,5.438,149.8825,5.438,0.25
149.92,2.51980611,149.92,2.519806,0.72
149.94541694,2.92275,149.945417,2.92275,0.13
149.96416694,1.68113889,149.964167,1.681139,0.37
149.99,25.27472194,149.99,25.274722,0.1
150.05125,2.21297194,150.05125,2.212972,0.24
150.095,2.19894389,150.095,2.198944,0.93
150.12166694,2.69372194,150.121667,2.693722,0.35
150.18,1.76880611,150.18,1.768806,0.35
150.1975,1.65747194,150.1975,1.657472,0.22
150.22166694,2.47544389,150.221667,2.475444,0.3
150.24958306,68.66247194,150.249583,68.662472,0.47
150.31458306,25.10319389,150.314583,25.103194,0.76
150.3175,2.28219389,150.3175,2.282194,0.12
150.42375,2.42772194,150.42375,2.427722,0.12
150.50708306,2.22577806,150.507083,2.225778,0.83
152.67416694,55.70236111,152.674167,55.702361,0.2
152.73458306,55.95319389,152.734583,55.953194,0.17
153.7825,49.53097194,153.7825,49.530972,0.38
154.88083306,8.06236111,154.880833,8.062361,0.16
155.39041694,21.63022194,155.390417,21.630222,0.19
155.40375,12.94533306,155.40375,12.945333,0.33
156.00166694,4.03961111,156.001667,4.039611,0.48
156.41541694,47.08683306,156.415417,47.086833,0.19
156.79625,-3.31811111,156.79625,-3.318111,0.0
157.52916694,5.33075,157.529167,5.33075,0.21
157.67208306,65.137,157.672083,65.137,0.2
157.75041694,30.85969389,157.750417,30.859694,0.14
157.88125,31.22144389,157.88125,31.221444,0.37
158.225,50.29408306,158.225,50.294083,0.0
159.87791694,39.79547194,159.877917,39.795472,0.09
160.185,39.95288889,160.185,39.952889,0.14
161.0925,21.507,161.0925,21.507,0.52
161.43916694,6.57813889,161.439167,6.578139,0.21
161.46458306,21.56402806,161.464583,21.564028,0.47
162.66916694,57.62816694,162.669167,57.628167,0.69
162.86916694,35.85666694,162.869167,35.856667,0.38
163.115,44.31808306,163.115,44.318083,0.46
163.1525,57.51508306,163.1525,57.515083,0.61
163.32708306,57.34547194,163.327083,57.345472,0.34
163.44125,57.58736111,163.44125,57.587361,1.13
163.8975,-4.98966694,163.8975,-4.989667,0.61
164.23166694,6.97783306,164.231667,6.977833,0.3
165.60375,-34.90647194,165.60375,-34.906472,0.5
165.75583306,-34.71327806,165.755833,-34.713278,0.14
166.0275,35.7425,166.0275,35.7425,0.56
166.10791694,36.00730611,166.107917,36.007306,0.5
167.475,48.45127806,167.475,48.451278,0.51
168.815,53.33041694,168.815,53.330417,0.47
169.18958306,18.01325,169.189583,18.01325,0.66
169.29791694,42.60291694,169.297917,42.602917,0.44
169.35833306,7.72436111,169.358333,7.724361,0.48
169.37375,7.77558306,169.37375,7.775583,0.16
169.37416694,17.74761111,169.374167,17.747611,0.55
170.22875,43.30577806,170.22875,43.305778,0.18
170.74708306,46.988,170.747083,46.988,0.44
170.95541694,5.49911111,170.955417,5.499111,0.65
172.13083306,-4.42352806,172.130833,-4.423528,0.08
172.58458306,-14.60825,172.584583,-14.60825,0.11
172.73,31.22613889,172.73,31.226139,0.82
173.13416694,-34.73058306,173.134167,-34.730583,0.0
174.68375,3.26125,174.68375,3.26125,0.13
176.68291694,47.43355611,176.682917,47.433556,0.0
177.76375,55.19025,177.76375,55.19025,0.19
177.8,55.11541694,177.8,55.115417,0.08
177.84916694,54.83575,177.849167,54.83575,0.14
177.88166694,1.80402806,177.881667,1.804028,0.17
179.6025,44.09275,179.6025,44.09275,0.41
179.71416694,44.09366694,179.714167,44.093667,0.29
180.54291694,44.45255611,180.542917,44.452556,0.41
180.80708306,44.45494389,180.807083,44.454944,0.35
180.97,1.78513889,180.97,1.785139,0.22
181.38458306,44.31952806,181.384583,44.319528,0.34
181.52833306,44.32327806,181.528333,44.323278,0.29
181.94541694,28.22222194,181.945417,28.222222,0.43
182.00458306,43.65741694,182.004583,43.657417,0.27
182.3725,39.46766694,182.3725,39.467667,0.22
182.3925,39.37577806,182.3925,39.375778,0.5
182.98625,50.48855611,182.98625,50.488556,0.1
183.0225,13.29483306,183.0225,13.294833,0.45
183.395,2.89716694,183.395,2.897167,0.41
184.20541694,-12.1405,184.205417,-12.1405,0.48
184.43583306,47.48930611,184.435833,47.489306,0.27
184.47708306,47.48161111,184.477083,47.481611,0.27
184.8075,14.39172194,184.8075,14.391722,0.24
186.1825,7.18430611,186.1825,7.184306,0.54
186.36708306,0.70808306,186.367083,0.708083,0.24
186.68041694,33.76386111,186.680417,33.763861,0.63
186.735,33.72483306,186.735,33.724833,0.5
186.74208306,33.54747194,186.742083,33.547472,0.89
187.43583306,13.58072194,187.435833,13.580722,0.44
187.57125,13.65105611,187.57125,13.651056,0.27
187.57791694,11.01736111,187.577917,11.017361,0.13
187.58166694,16.27613889,187.581667,16.276139,0.2
187.60125,11.19105611,187.60125,11.191056,0.12
187.71208306,41.56966694,187.712083,41.569667,0.54
187.77208306,15.94088889,187.772083,15.940889,0.19
187.935,41.62555611,187.935,41.625556,0.18
188.15125,0.04019389,188.15125,0.040194,0.0
188.41041694,37.68747194,188.410417,37.687472,0.1
189.1975,12.93725,189.1975,12.93725,0.0
190.10291694,-11.80183306,190.102917,-11.801833,0.19
190.25333306,32.99997194,190.253333,32.999972,0.27
190.36708306,-1.97277806,190.367083,-1.972778,0.15
190.51166694,33.36769389,190.511667,33.367694,0.13
190.77166694,2.55358306,190.771667,2.553583,0.19
191.10791694,16.79944389,191.107917,16.799444,0.23
191.22541694,-0.55841694,191.225417,-0.558417,0.23
192.6975,26.56483306,192.6975,26.564833,0.3
193.01541694,-29.34541694,193.015417,-29.345417,0.19
193.22791694,-29.45361111,193.227917,-29.453611,1.24
193.5125,31.03055611,193.5125,31.030556,0.48
194.08958306,25.76775,194.089583,25.76775,0.17
194.20916694,25.80088889,194.209167,25.800889,0.28
194.46958306,28.50294389,194.469583,28.502944,0.25
194.88833306,28.51091694,194.888333,28.510917,0.52
195.27875,28.30230611,195.27875,28.302306,0.0
195.45875,58.96486111,195.45875,58.964861,0.25
196.23541694,-10.16925,196.235417,-10.16925,0.64
196.27375,-10.27877806,196.27375,-10.278778,0.33
196.31291694,18.03763889,196.312917,18.037639,0.53
196.36291694,67.58883306,196.362917,67.588833,0.0
196.39458306,17.94961111,196.394583,17.949611,0.5
196.50583306,18.02941694,196.505833,18.029417,0.93
196.70791694,-23.52458306,196.707917,-23.524583,0.21
196.95666694,29.43033306,196.956667,29.430333,0.24
197.13583306,53.70394389,197.135833,53.703944,0.33
197.39041694,57.65730611,197.390417,57.657306,0.2
197.61833306,-1.31858306,197.618333,-1.318583,0.14
197.74375,57.3455,197.74375,57.3455,0.53
198.25833306,35.32863889,198.258333,35.328639,0.3
198.72958306,-16.64361111,198.729583,-16.643611,0.61
199.6825,-0.73241694,199.6825,-0.732417,0.11
199.90458306,-14.91238889,199.904583,-14.912389,0.19
199.95875,-14.83263889,199.95875,-14.832639,0.34
200.22416694,33.9225,200.224167,33.9225,0.18
201.08625,30.21119389,201.08625,30.211194,0.69
201.14166694,5.57419389,201.141667,5.574194,0.23
201.2425,30.12311111,201.2425,30.123111,0.59
201.25625,-38.22322194,201.25625,-38.223222,0.3
202.12583306,47.06588889,202.125833,47.065889,0.38
202.49541694,24.19016694,202.495417,24.190167,0.17
202.77958306,-1.97705611,202.779583,-1.977056,0.2
203.22833306,50.53141694,203.228333,50.531417,0.28
203.66458306,50.72419389,203.664583,50.724194,0.24
203.74041694,37.83897194,203.740417,37.838972,0.38
203.77208306,50.39341694,203.772083,50.393417,0.09
203.79791694,-23.48811111,203.797917,-23.488111,0.1
203.80875,37.81827806,203.80875,37.818278,0.6
203.99625,37.90022194,203.99625,37.900222,0.25
204.02083306,51.75866694,204.020833,51.758667,0.53
204.78833306,48.19797194,204.788333,48.197972,0.41
205.35125,-1.03444389,205.35125,-1.034444,0.29
205.41375,0.29275,205.41375,0.29275,0.44
205.77125,-0.01577806,205.77125,-0.015778,0.55
205.86208306,55.78008306,205.862083,55.780083,0.07
206.69125,26.77380611,206.69125,26.773806,0.43
207.10666694,58.00438889,207.106667,58.004389,0.13
207.21583306,60.16180611,207.215833,60.161806,0.44
207.45708306,27.10147194,207.457083,27.101472,0.42
208.495,33.83419389,208.495,33.834194,0.47
208.70541694,69.29405611,208.705417,69.294056,0.21
208.92458306,18.42927806,208.924583,18.429278,0.28
208.94166694,18.38077806,208.941667,18.380778,0.29
211.56583306,28.51363889,211.565833,28.513639,0.55
211.69166694,28.55230611,211.691667,28.552306,0.52
212.39666694,26.49497194,212.396667,26.494972,0.12
213.305,-3.30105611,213.305,-3.301056,0.29
213.74333306,44.05486111,213.743333,44.054861,0.43
213.895,28.39311111,213.895,28.393111,0.22
213.99333306,23.12194389,213.993333,23.121944,0.42
214.23958306,23.21088889,214.239583,23.210889,0.1
214.38,25.19419389,214.38,25.194194,0.18
214.63458306,25.18469389,214.634583,25.184694,0.29
214.90083306,6.79355611,214.900833,6.793556,0.11
215.1,6.54486111,215.1,6.544861,0.11
215.18583306,6.51694389,215.185833,6.516944,0.14
215.7725,38.46861111,215.7725,38.468611,0.43
216.46583306,38.04619389,216.465833,38.046194,0.45
217.285,42.69136111,217.285,42.691361,0.92
217.75875,42.24202806,217.75875,42.242028,0.43
218.63458306,3.629,218.634583,3.629,0.29
219.01333306,63.42722194,219.013333,63.427222,0.13
219.31,34.25494389,219.31,34.254944,0.51
219.3525,34.24108306,219.3525,34.241083,0.44
219.43,34.1355,219.43,34.1355,0.49
220.0675,3.69011111,220.0675,3.690111,0.29
222.04666694,-0.41922194,222.046667,-0.419222,0.15
222.23625,9.04755611,222.23625,9.047556,0.0
222.41666694,8.79572194,222.416667,8.795722,0.0
222.53875,9.07466694,222.53875,9.074667,0.6
223.0025,-15.3325,223.0025,-15.3325,0.0
223.77333306,18.69677806,223.773333,18.696778,0.21
225.56333306,42.47102806,225.563333,42.471028,0.24
226.72041694,1.74022194,226.720417,1.740222,0.65
226.75666694,1.11402806,226.756667,1.114028,0.2
227.10333306,-0.25880611,227.103333,-0.258806,0.09
227.32625,-0.24241694,227.32625,-0.242417,0.25
227.71,67.10916694,227.71,67.109167,0.34
228.94625,0.25813889,228.94625,0.258139,0.36
229.0775,0.09202806,229.0775,0.092028,0.12
232.95083306,4.72066694,232.950833,4.720667,0.39
233.72958306,23.479,233.729583,23.479,0.09
234.12375,54.65577806,234.12375,54.655778,0.41
234.18291694,-14.17338889,234.182917,-14.173389,0.4
234.20083306,54.62186111,234.200833,54.621861,0.38
235.63791694,53.98886111,235.637917,53.988861,0.64
237.38416694,21.55069389,237.384167,21.550694,0.58
240.37416694,8.64897194,240.374167,8.648972,0.19
242.6675,54.10366694,242.6675,54.103667,0.34
242.88625,54.27452806,242.88625,54.274528,0.34
243.97541694,12.32469389,243.975417,12.324694,0.34
247.565,24.57311111,247.565,24.573111,0.06
248.04291694,34.00619389,248.042917,34.006194,0.19
248.42083306,57.23891694,248.420833,57.238917,0.24
255.17458306,64.21608306,255.174583,64.216083,0.24
258.19208306,43.89286111,258.192083,43.892861,0.59
258.65791694,62.55616694,258.657917,62.556167,0.18
260.89958306,34.19847194,260.899583,34.198472,0.41
264.01083306,65.99475,264.010833,65.99475,0.0
280.30708306,79.91638889,280.307083,79.916389,0.0
287.08541694,69.05555611,287.085417,69.055556,0.21
301.76291694,-44.63266694,301.762917,-44.632667,0.2
301.99583306,-11.04902806,301.995833,-11.049028,0.11
303.40708306,-41.89594389,303.407083,-41.895944,0.0
303.90041694,-24.43794389,303.900417,-24.437944,0.57
310.37666694,-35.27727806,310.376667,-35.277278,0.0
310.39458306,-35.15033306,310.394583,-35.150333,0.43
313.52458306,-15.79347194,313.524583,-15.793472,0.27
317.20458306,-5.27736111,317.204583,-5.277361,0.32
321.95291694,-45.03108306,321.952917,-45.031083,0.56
322.00916694,-44.83266694,322.009167,-44.832667,0.39
322.03166694,-44.90480611,322.031667,-44.904806,0.54
322.245,-15.57516694,322.245,-15.575167,0.65
322.61208306,-0.00888889,322.612083,-0.008889,0.14
323.50166694,-42.67138889,323.501667,-42.671389,0.2
327.84541694,-30.41025,327.845417,-30.41025,0.0
328.09,-27.50433306,328.09,-27.504333,0.83
329.39666694,-69.88225,329.396667,-69.88225,0.49
331.45833306,-1.99177806,331.458333,-1.991778,1.12
331.52083306,-0.18705611,331.520833,-0.187056,0.34
331.59125,-0.42777806,331.59125,-0.427778,0.31
331.91791694,10.304,331.917917,10.304,0.0
332.78,-16.95083306,332.78,-16.950833,0.0
332.89083306,-17.10075,332.890833,-17.10075,0.0
332.9,-16.96063889,332.9,-16.960639,0.0
333.99833306,-17.63783306,333.998333,-17.637833,1.46
334.23583306,-17.42422194,334.235833,-17.424222,0.14
337.07583306,-5.56761111,337.075833,-5.567611,0.45
337.07791694,-5.13133306,337.077917,-5.131333,0.0
338.835,-25.96169389,338.835,-25.961694,1.39
339.71791694,-20.43672194,339.717917,-20.436722,0.35
339.85166694,-5.78830611,339.851667,-5.788306,0.24
339.89166694,-6.00486111,339.891667,-6.004861,0.17
339.91375,-5.72427806,339.91375,-5.724278,0.24
340.30625,3.47569389,340.30625,3.475694,0.19
344.1475,-36.53319389,344.1475,-36.533194,0.0
345.69875,8.73219389,345.69875,8.732194,0.72
349.5225,-42.59505611,349.5225,-42.595056,0.21
349.71791694,-42.52988889,349.717917,-42.529889,0.11
350.3525,19.75411111,350.3525,19.754111,0.4
350.46916694,19.89302806,350.469167,19.893028,0.3
350.48333306,19.6355,350.483333,19.6355,0.42
350.58875,19.64861111,350.58875,19.648611,0.23
350.63166694,19.8455,350.631667,19.8455,0.0
351.40083306,-54.73180611,351.400833,-54.731806,0.1
352.35791694,5.44002806,352.357917,5.440028,0.37
353.11458306,19.97280611,353.114583,19.972806,0.27
353.90416694,2.29391694,353.904167,2.293917,0.39
354.4875,27.18916694,354.4875,27.189167,0.12
354.8975,-12.23863889,354.8975,-12.238639,0.53
354.9575,-12.21841694,354.9575,-12.218417,0.49
358.47041694,-15.21883306,358.470417,-15.218833,0.0
358.90416694,5.85805611,358.904167,5.858056,0.0
359.28583306,-24.247,359.285833,-24.247,0.59
359.37583306,-24.48580611,359.375833,-24.485806,0.67
