# Tue 09:53:00 29-May-2018
begin	identify hear_ngc.0001 - Ap 1
	id	hear_ngc.0001
	task	identify
	image	hear_ngc.0001 - Ap 1
	aperture	1
	aplow	327.26
	aphigh	330.16
	units	Angstroms
	features	21
	         51.48  5875.6184   5875.618   4.0 1 1 HeI
	        432.40 5495.86566   5495.872   4.0 1 1 AI(14)
	        733.15  5187.7934   5187.746   4.0 1 1 AI
	        899.07 5015.46296   5015.675   4.0 1 1 HeI
	        947.08 4965.32872    4965.12   4.0 1 1 AII(14)
	        988.56 4921.92568   4921.929   4.0 1 1 HeI
	       1028.69 4879.85776     4879.9   4.0 1 1 AII(14)
	       1098.95 4806.03377    4806.07   4.0 1 1 AII(6)
	       1137.95 4764.96771    4764.89   4.0 1 1 AII(15)
	       1187.14 4713.08164   4713.143   4.0 1 1 HeI
	       1239.14 4658.14603    4657.94   4.0 1 1 AII(15)
	       1313.62 4579.28694    4579.39   4.0 1 1 AII(17)
	       1346.00 4544.94363    4545.08   4.0 1 1 AII(15)
	       1378.57 4510.37371   4510.733   4.0 1 1 AI(9)
	       1415.00 4471.66453   4471.477   4.0 1 1 HeI
	       1457.60 4426.36354    4426.01   4.0 1 1 AII(7)
	       1576.14 4300.06976     4300.4   4.0 1 1 AI(4) blend
	       1614.08 4259.57921   4259.361   4.0 1 1 AI(9)
	       1708.52 4158.70954    4158.59   4.0 1 1 AI(2)
	       1815.56  4044.2366   4044.418   4.0 1 1 AI(4)
	       1960.87 3888.69882   3888.646   4.0 1 1 HeI
	function spline3
	order 3
	sample *
	naverage 1
	niterate 0
	low_reject 3.
	high_reject 3.
	grow 0.
	coefficients	10
		3.
		3.
		1.
		2048.
		1095.293977344708
		988.8982667623315
		873.9859186355769
		754.3871107457965
		632.5369355592803
		510.8686775746564

