# id ra dec z_spec Veli Velf Nwcls Nmemb Vdisp Vdisp_lo Vdisp_hi R500 R500_lo R500_hi M500 M500_lo M500_hi R200 R200_lo R200_hi M200 M200_lo M200_hi znew znew-err Rap Nmemb-wR200 SN
00007  11.563149   0.003128   0.113151  32768.815  35197.134     85   56    675.390    -40.726     59.676   0.951345  -0.052533   0.076977   2.731179  -0.452444   0.662966   1.078510  -0.059555   0.087266   2.849732  -0.472083   0.691744   0.113427   0.002047  1.079   31     17.830
00009  18.804724   0.274470   0.045079  12437.490  14853.517    226  183    449.935    -27.539     41.668   0.672613  -0.037700   0.057041   0.903384  -0.151905   0.229837   0.894534  -0.050139   0.075862   0.984468  -0.165540   0.250466   0.044923   0.001505  0.895   73     17.104
00013   7.334955  -0.194457   0.059819  16684.949  18992.452    180  123    454.357    -33.020     47.631   0.677352  -0.045079   0.065025   0.935620  -0.186800   0.269456   0.845249  -0.056252   0.081143   1.001193  -0.199892   0.288341   0.059936   0.001332  0.845   60     16.836
00016 323.951441   0.174197   0.117957  34185.634  36807.019     48   38    565.712    -50.507     90.647   0.792886  -0.064826   0.116345   1.588773  -0.389690   0.699390   0.979455  -0.080079   0.143721   1.699792  -0.416921   0.748261   0.118763   0.001832  0.979   18     16.309
00018 321.454514   0.929138   0.136358  40380.245  41505.366     81   31    305.302    -31.808     65.830   0.437128  -0.041706   0.086314   0.271233  -0.077634   0.160671   0.539579  -0.051481   0.106544   0.287542  -0.082302   0.170332   0.136409   0.001009  0.540    9     16.180
00022  29.078711   1.055362   0.080156  22521.309  25476.363    103   92    632.386    -38.810     55.476   0.906530  -0.050947   0.072825   2.287324  -0.385646   0.551251   1.133584  -0.063708   0.091066   2.461419  -0.414999   0.593209   0.080259   0.002041  1.134   64     15.038
00033  22.865376   0.550527   0.079676  22824.999  25053.356     86   66    442.229    -35.139     57.414   0.650502  -0.047333   0.077338   0.844740  -0.184400   0.301295   0.781789  -0.056886   0.092947   0.893552  -0.195055   0.318704   0.079508   0.001392  0.782   23     13.825
00035  11.857240  -0.873879   0.116803  34218.311  35901.046     87   19    498.972    -36.789     69.699   0.701335  -0.047353   0.089713   1.098250  -0.222454   0.421456   0.905437  -0.061133   0.115821   1.188111  -0.240656   0.455941   0.117285   0.001742  0.905   15     13.566
00046  41.465246  -0.713967   0.180564  53171.190  55415.437     34   22    529.966    -73.888    142.797   0.712876  -0.091016   0.175899   1.231510  -0.471699   0.911607   0.878003  -0.112099   0.216643   1.314612  -0.503529   0.973122   0.180580   0.001774  0.878   11     13.220
00049 353.846809   1.049370   0.084718  24352.141  26414.713     74   62    575.995    -40.286     64.028   0.836911  -0.053603   0.085194   1.807806  -0.347362   0.552081   0.918295  -0.058815   0.093479   1.864028  -0.358165   0.569250   0.085207   0.001629  0.918   30     13.106
00053  11.472195  -0.861642   0.109125  31287.240  33377.393     93   31    610.719    -58.263     82.427   0.851639  -0.074402   0.105259   1.951432  -0.511448   0.723568   1.079549  -0.094312   0.133428   2.106941  -0.552205   0.781229   0.108833   0.002083  1.080   18     12.796
00055  15.683547   1.146442   0.143367  42308.211  43575.134     20   10    356.841    -54.348     96.531   0.486395  -0.067839   0.120492   0.376354  -0.157474   0.279696   0.632449  -0.088209   0.156673   0.405277  -0.169576   0.301190   0.143766   0.001231  0.632    6     12.774
00056  46.604935  -0.120544   0.109621  31735.730  33913.422    100   83    544.878    -32.297     47.874   0.773301  -0.041975   0.062219   1.461668  -0.238018   0.352813   1.024573  -0.055614   0.082436   1.596455  -0.259966   0.385347   0.109474   0.001960  1.025   41     12.736
00062  19.708698  -1.069616   0.045771  12925.252  14456.892     93   57    422.022    -29.358     44.528   0.626775  -0.039928   0.060560   0.731466  -0.139793   0.212025   0.876124  -0.055813   0.084652   0.807060  -0.154240   0.233937   0.046106   0.001503  0.876   29     12.135
00063  50.594466   0.441886   0.132001  38664.833  40523.546     61   31    392.320    -40.739     66.621   0.560386  -0.053288   0.087143   0.568926  -0.162301   0.265413   0.776797  -0.073867   0.120796   0.625059  -0.178314   0.291600   0.131894   0.001492  0.777   22     12.106
00068  29.479653  -0.728378   0.187837  55919.688  56780.392     23    5    224.454    -12.550     27.535   0.304543  -0.015593   0.034213   0.096754  -0.014862   0.032608   0.424885  -0.021755   0.047732   0.105099  -0.016144   0.035421   0.188113   0.001079  0.425    5     11.873
00076  32.541978  -1.044931   0.173565  50999.494  52991.015     58   45    515.469    -45.967     78.409   0.702442  -0.057363   0.097847   1.169606  -0.286536   0.488765   0.897433  -0.073286   0.125009   1.261902  -0.309147   0.527334   0.174235   0.001870  0.897   15     11.494
00077  41.605963  -0.571591   0.042822  12339.458  13299.393    113   40    256.216    -20.574     38.207   0.402719  -0.029613   0.054995   0.193490  -0.042684   0.079268   0.466884  -0.034331   0.063757   0.201462  -0.044443   0.082534   0.043012   0.000749  0.467   20     11.484
00085  20.221549  -0.535956   0.092904  26970.529  29006.419     57   21    447.682    -54.172     96.934   0.649179  -0.071936   0.128721   0.850545  -0.282750   0.505946   0.726795  -0.080537   0.144111   0.880838  -0.292820   0.523965   0.092683   0.001128  0.727   13     11.008
00086 353.339983  -1.149003   0.094357  26464.179  29476.494     47   22    472.904    -49.160     95.269   0.658049  -0.062644   0.121399   0.887156  -0.253361   0.490994   1.105830  -0.105271   0.204006   1.030519  -0.294304   0.570338   0.094340   0.002074  1.106   14     11.005
00087   0.678985  -0.524185   0.194168  57836.261  58510.194     16   10    119.914    -13.007     13.007   0.162993  -0.016190   0.016190   0.014933  -0.004450   0.004450   0.334765  -0.033253   0.033253   0.017197  -0.005124   0.005124   0.194419   0.000670  0.335    4     10.963
00090  33.550326  -0.170942   0.141669  41611.493  43038.205     34   17    333.268    -28.901     62.546   0.458772  -0.036433   0.078846   0.315257  -0.075108   0.162543   0.736331  -0.058475   0.126548   0.357724  -0.085225   0.184439   0.141648   0.001416  0.736    8     10.931
00094  56.338597   1.000533   0.184076  54841.034  55776.986     35    6    267.798    -75.872     60.793   0.357401  -0.092727   0.074299   0.155764  -0.121238   0.097144   0.514404  -0.133461   0.106938   0.171047  -0.133133   0.106675   0.183760   0.001016  0.514    5     10.830
00095 338.789797  -1.120915   0.089408  25704.805  27602.191     65   42    369.045    -33.849     56.354   0.540464  -0.045396   0.075577   0.489115  -0.123248   0.205189   0.771801  -0.064827   0.107926   0.541013  -0.136326   0.226961   0.089448   0.001424  0.772   23     10.812
00109  29.871235  -0.105389   0.155703  46171.636  47493.721     25   10    514.018    -51.008    110.884   0.683000  -0.062067   0.134924   1.055367  -0.287716   0.625452   0.872387  -0.079277   0.172337   1.137862  -0.310206   0.674342   0.155961   0.001815  0.872    7     10.257
00115   3.215082   0.301939   0.148440  43858.737  45247.975     24   10    458.116    -30.166     73.144   0.620110  -0.037393   0.090667   0.783964  -0.141820   0.343873   0.827807  -0.049917   0.121034   0.854399  -0.154562   0.374768   0.148653   0.001691  0.828    8     10.178
00119  36.979993  -1.141792   0.070220  20317.235  22223.615     48   23    470.696    -34.689     58.766   0.682015  -0.046028   0.077975   0.964667  -0.195311   0.330874   0.941521  -0.063541   0.107645   1.062981  -0.215216   0.364595   0.070104   0.001700  0.942   22     10.108
00128  38.493584   0.080551   0.186920  55666.063  57019.926     28    5    209.842    -74.730     43.369   0.274611  -0.089556   0.051974   0.070869  -0.069335   0.040239   0.470095  -0.153308   0.088972   0.080306  -0.078568   0.045597   0.186398   0.000968  0.470    4      9.963
00131 350.605474   1.094798   0.119260  34569.968  37676.117     41    5    312.918    -46.211     97.757   0.426664  -0.057701   0.122062   0.247888  -0.100571   0.212751   0.596732  -0.080700   0.170716   0.271267  -0.110056   0.232816   0.118915   0.001144  0.597    5      9.821
00149  19.633402  -0.158426   0.077718  23048.944  24105.112     87   13    131.712    -24.600     36.246   0.199437  -0.034111   0.050259   0.024298  -0.012467   0.018370   0.403872  -0.069076   0.101778   0.028086  -0.014411   0.021233   0.077770   0.000657  0.404    7      9.571
00152   4.195187  -1.144063   0.155168  45629.012  46768.823     30    8    342.520    -34.812     70.835   0.472401  -0.043967   0.089464   0.349007  -0.097448   0.198287   0.661324  -0.061551   0.125243   0.383006  -0.106941   0.217603   0.155267   0.001336  0.661    8      9.547
00153  50.788467   0.765164   0.148402  44139.943  45092.083     44   11    248.430    -51.840     33.757   0.323627  -0.061842   0.040271   0.111431  -0.063880   0.041598   0.324086  -0.061929   0.040328   0.111474  -0.063905   0.041614   0.148754   0.000482  0.324    3      9.527
00158  30.330837  -0.450546   0.158917  47006.258  48566.378     14    5    408.093    -19.516     87.118   0.532168  -0.023306   0.104035   0.500878  -0.065806   0.293753   0.745757  -0.032660   0.145789   0.551363  -0.072439   0.323361   0.158351   0.001603  0.746    5      9.436
00169  44.878847   0.271575   0.191650  56748.914  58283.551     28   10    511.371    -96.404     95.093   0.641745  -0.110790   0.109283   0.908993  -0.470781   0.464378   0.679715  -0.117345   0.115749   0.925593  -0.479379   0.472858   0.191548   0.001411  0.680    4      9.260
00171  53.584227  -1.162165   0.136021  39658.645  41808.457     36   14    590.441    -56.537    109.182   0.795238  -0.069732   0.134663   1.632527  -0.429453   0.829339   1.144277  -0.100338   0.193768   1.828554  -0.481020   0.928922   0.136567   0.002331  1.144   12      9.258
00178 359.980103   0.706136   0.081880  23930.933  25413.107    101   53    396.058    -36.664     52.366   0.592891  -0.050261   0.071787   0.640965  -0.163009   0.232824   0.659492  -0.055907   0.079851   0.662004  -0.168359   0.240466   0.081372   0.001023  0.659   25      9.060
00183 330.140735  -0.575836   0.126454  37243.817  38391.422     72   42    328.601    -35.803     81.216   0.473640  -0.047258   0.107200   0.341583  -0.102245   0.231934   0.498941  -0.049782   0.112927   0.346805  -0.103808   0.235480   0.126740   0.000898  0.499    8      8.973
00186   9.997196  -0.887214   0.109839  32227.689  33751.534     26    9    371.750    -39.595     69.768   0.524089  -0.051118   0.090071   0.455107  -0.133168   0.234647   0.734234  -0.071614   0.126187   0.500566  -0.146470   0.258085   0.109637   0.001413  0.734    9      8.940
00208  15.356478  -0.056137   0.110095  32283.151  33837.875     60   22    458.846    -41.722     82.239   0.651591  -0.054257   0.106946   0.874850  -0.218541   0.430768   0.809168  -0.067378   0.132809   0.934501  -0.233442   0.460140   0.110599   0.001512  0.809   13      8.617
00210  30.135190   0.580347   0.164090  48558.584  49708.887     48    6    255.739    -43.322     70.521   0.353289  -0.054804   0.089213   0.147335  -0.068567   0.111615   0.493425  -0.076543   0.124600   0.160562  -0.074722   0.121635   0.164163   0.000970  0.493    6      8.615
00213  27.958699   1.227440   0.080362  23262.696  24903.759     27    9    544.247    -49.225    104.231   0.751552  -0.062248   0.131807   1.303603  -0.323918   0.685876   1.056202  -0.087481   0.185236   1.447334  -0.359633   0.761498   0.080137   0.001940  1.056    9      8.580
00227  14.001137   0.687319   0.043132  12603.575  13818.334     71   48    603.250   -264.613    119.002   0.826705  -0.332080   0.149343   1.674292  -2.017645   0.907378   0.686466  -0.275747   0.124009   1.570047  -1.892022   0.850883   0.043591   0.001137  0.686    4      8.452
00237 337.310972   0.151123   0.057187  16412.138  17729.726     80   50    455.974    -51.117     66.619   0.664237  -0.068190   0.088870   0.880103  -0.271053   0.353255   0.852758  -0.087544   0.114093   0.949266  -0.292354   0.381016   0.057620   0.001481  0.853   14      8.385
00239  11.846792   0.389633   0.132250  39107.926  40096.042     37    7    469.182    -13.275     78.456   0.597750  -0.015488   0.091534   0.690655  -0.053686   0.317281   0.803440  -0.020818   0.123031   0.753483  -0.058570   0.346144   0.132494   0.001702  0.803    4      8.369
00248 343.990400  -0.631163   0.111429  32987.963  33702.069     33    5    227.116    -13.648     35.380   0.314666  -0.017316   0.044889   0.098659  -0.016288   0.042223   0.383077  -0.021081   0.054648   0.103750  -0.017128   0.044401   0.111679   0.000696  0.383    4      8.315
00278  10.985793   1.014274   0.109253  31831.663  33649.605     51   20    623.250    -30.902     66.278   0.856090  -0.038870   0.083369   1.982446  -0.270034   0.579171   1.181808  -0.053659   0.115088   2.197077  -0.299269   0.641876   0.108943   0.002344  1.182   15      8.030
00283  27.558630   0.994545   0.141086  42088.463  42581.022     19    5    154.361    -29.898     35.706   0.213748  -0.037913   0.045278   0.031866  -0.016956   0.020250   0.344121  -0.061037   0.072894   0.035378  -0.018825   0.022482   0.141086   0.000653  0.344    4      8.008
00287  10.100836   0.859704   0.125758  37303.475  38096.726     23    5    348.336    -24.864     55.576   0.468771  -0.030641   0.068490   0.330924  -0.064893   0.145050   0.656146  -0.042889   0.095867   0.362999  -0.071183   0.159109   0.125758   0.001263  0.656    5      7.996
00288  26.627203  -0.662096   0.082053  23587.970  25527.927     63   30    530.312    -51.511     75.467   0.756394  -0.067281   0.098571   1.331153  -0.355215   0.520417   1.004673  -0.089365   0.130926   1.454023  -0.388003   0.568453   0.083043   0.001678  1.005   19      7.993
00291  28.286631   1.050716   0.059503  16862.726  18733.731     53   32    420.748    -48.814     92.819   0.629352  -0.066864   0.127141   0.750248  -0.239126   0.454694   0.701213  -0.074499   0.141659   0.775577  -0.247199   0.470044   0.059440   0.001082  0.701   18      7.986
00293 333.362095  -0.140570   0.090025  26148.498  27308.695     66   28    277.646   -111.848     91.444   0.404992  -0.149403   0.122149   0.205926  -0.227902   0.186327   0.622086  -0.229491   0.187626   0.230225  -0.254793   0.208313   0.090046   0.001040  0.622   10      7.985
00294  33.463183   0.463673   0.184263  54559.229  55877.717     26    6    490.747    -35.781     84.737   0.631846  -0.042188   0.099909   0.860834  -0.172431   0.408350   0.886850  -0.059214   0.140231   0.952130  -0.190718   0.451658   0.183818   0.001918  0.887    6      7.980
00304  37.000231   1.081257   0.128639  37960.620  38874.688     31   10    230.977    -63.945     64.346   0.337844  -0.085651   0.086188   0.124240  -0.094492   0.095085   0.456105  -0.115632   0.116357   0.134137  -0.102019   0.102659   0.128639   0.000708  0.456    9      7.961
00314 356.223167   1.130585   0.059667  17505.481  18631.502     29   12    328.950    -47.023     77.305   0.484352  -0.063405   0.104235   0.342040  -0.134326   0.220826   0.689135  -0.090212   0.148306   0.376871  -0.148005   0.243314   0.059818   0.001194  0.689   11      7.894
00317   7.969680   0.311453   0.081503  24298.479  24971.513     56    7    253.025   -149.008     53.375   0.361196  -0.194790   0.069774   0.144871  -0.234383   0.083957   0.458216  -0.247112   0.088516   0.154184  -0.249451   0.089354   0.081503   0.000633  0.458    5      7.886
00336  31.817452  -1.007589   0.117413  34633.524  35655.516     40   12    262.359    -36.495     68.001   0.373316  -0.047555   0.088609   0.165738  -0.063337   0.118016   0.547007  -0.069680   0.129835   0.182869  -0.069884   0.130215   0.117150   0.000997  0.547    7      7.751
00338 340.643308   1.098363   0.057574  17165.816  17397.556     51   13    113.679    -14.827     27.270   0.169227  -0.020212   0.037175   0.014559  -0.005217   0.009595   0.259844  -0.031035   0.057081   0.015911  -0.005701   0.010485   0.057666   0.000416  0.260    4      7.740
00350 340.823586   0.371493   0.058548  16811.761  18274.449     90   49    427.936    -39.371     67.891   0.646104  -0.054435   0.093867   0.811026  -0.204989   0.353482   0.650844  -0.054834   0.094556   0.812896  -0.205462   0.354297   0.058307   0.001053  0.651   18      7.654
00353   6.645935   1.210673   0.149675  44517.981  45500.101     27    8    294.779    -47.254     72.978   0.413360  -0.060681   0.093713   0.232503  -0.102393   0.158132   0.578026  -0.084853   0.131044   0.254298  -0.111992   0.172956   0.149675   0.001101  0.578    8      7.638
00369 345.514290   0.226886   0.109168  32263.664  32940.895     27   10    184.124    -85.382     49.416   0.269312  -0.114364   0.066189   0.061712  -0.078619   0.045501   0.448048  -0.190265   0.110118   0.069414  -0.088430   0.051180   0.109222   0.000754  0.448    7      7.552
00373  54.948106  -0.297654   0.127398  37199.148  39336.668     53   10    665.796    -61.418    127.617   0.886060  -0.074851   0.155527   2.238485  -0.567295   1.178743   1.247361  -0.105372   0.218945   2.498051  -0.633076   1.315425   0.127641   0.002544  1.247   10      7.542
00386  21.458335   0.536888   0.078027  22914.637  23679.107     66   26    136.280    -14.331     33.939   0.205314  -0.019772   0.046824   0.026518  -0.007661   0.018143   0.427469  -0.041166   0.097489   0.030839  -0.008910   0.021100   0.078345   0.000698  0.427    7      7.513
00409   4.167370  -0.453394   0.065502  17477.601  20726.152    143   75    629.726    -82.848    109.120   0.936926  -0.112879   0.148674   2.489652  -0.899845   1.185197   0.829820  -0.099975   0.131678   2.385515  -0.862206   1.135623   0.064933   0.001015  0.830   25      7.392
00421  23.728664  -0.662548   0.081793  23023.161  25798.940    111   35    526.732    -44.566     76.781   0.752692  -0.058319   0.100475   1.311370  -0.304817   0.525155   1.046731  -0.081101   0.139725   1.451606  -0.337413   0.581314   0.081589   0.001896  1.047   26      7.350
00436 335.726849   0.539672   0.163804  48261.189  49825.207     32    7    479.650    -61.422    108.848   0.632994  -0.074230   0.131545   0.847201  -0.298049   0.528180   0.888419  -0.104183   0.184626   0.936917  -0.329611   0.584113   0.163804   0.001907  0.888    7      7.285
00437  31.675792   1.217121   0.093275  27715.513  28285.418     15    5    235.605    -64.947     48.451   0.328317  -0.082879   0.061829   0.110064  -0.083352   0.062181   0.399665  -0.100890   0.075265   0.115794  -0.087692   0.065419   0.093241   0.000410  0.400    4      7.283
00446 339.577977  -0.991947   0.128799  37840.404  38713.699     30    7    220.838   -140.228     38.267   0.304413  -0.177011   0.048305   0.090902  -0.158573   0.043274   0.365315  -0.212425   0.057969   0.095224  -0.166114   0.045331   0.128799   0.000280  0.365    4      7.229
00467 324.924452   0.479446   0.136241  40503.160  41192.383     25    7    230.204    -38.983     77.018   0.324289  -0.050289   0.099354   0.110729  -0.051513   0.101774   0.384296  -0.059594   0.117739   0.115719  -0.053835   0.106361   0.136083   0.000705  0.384    5      7.151
00488  43.636380   0.936762   0.066734  19275.756  20647.306     66   16    296.002    -34.031     64.030   0.444587  -0.046807   0.088069   0.266322  -0.084116   0.158269   0.621922  -0.065477   0.123197   0.291611  -0.092104   0.173297   0.066822   0.001049  0.622   16      7.093
00492  18.414427   1.236702   0.121852  36174.157  36823.807     26    6    296.268    -10.941     36.365   0.412611  -0.013953   0.046379   0.224779  -0.022804   0.075798   0.576925  -0.019510   0.064848   0.245783  -0.024935   0.082880   0.121852   0.001110  0.577    6      7.076
00517 339.910988   1.183921   0.141237  41657.061  43481.898     18    7    425.864    -45.196     96.295   0.574846  -0.055867   0.119031   0.619922  -0.180743   0.385095   0.806063  -0.078338   0.166909   0.683673  -0.199330   0.424697   0.140803   0.001651  0.806    7      6.975
00522  51.557676  -0.617894   0.037295  10438.474  11644.539    138   82    244.943    -48.991     67.154   0.381714  -0.069914   0.095835   0.163914  -0.090066   0.123459   0.507067  -0.092873   0.127306   0.176584  -0.097028   0.133002   0.036899   0.000789  0.507   17      6.966
00528  13.566829  -0.668690   0.145486  43024.115  43922.593     54    5    205.370    -15.294     29.567   0.255967  -0.017455   0.033747   0.054970  -0.011246   0.021742   0.607970  -0.041460   0.080156   0.066179  -0.013539   0.026175   0.145696   0.001143  0.608    3      6.948
00552 330.515615   0.124490   0.062967  18531.071  19273.357     32    5    250.060    -36.066     65.543   0.357762  -0.047253   0.085873   0.138276  -0.054790   0.099570   0.499590  -0.065985   0.119916   0.150614  -0.059679   0.108455   0.062667   0.000862  0.500    5      6.895
00566 339.999996  -0.881353   0.053854  15491.475  17211.685     90   53    407.003    -58.947     96.893   0.602631  -0.079927   0.131378   0.655148  -0.260677   0.428481   0.779998  -0.103451   0.170045   0.706998  -0.281307   0.462392   0.053357   0.001281  0.780   17      6.867
00572 326.567518   1.143199   0.090768  26584.396  27283.812     17    6    269.467   -222.913     60.632   0.379276  -0.287318   0.078151   0.169261  -0.384668   0.104630   0.504795  -0.382404   0.104014   0.182467  -0.414680   0.112793   0.090768   0.000184  0.505    5      6.847
00589  13.839709  -0.336492   0.146229  43274.142  44513.784     26    7    434.698    -39.217     97.873   0.580944  -0.047995   0.119780   0.643140  -0.159401   0.397812   0.759722  -0.062765   0.156641   0.695967  -0.172494   0.430488   0.146033   0.001547  0.760    6      6.757
00597  13.068186  -1.067475   0.134634  39700.316  40698.925     31   11    419.117    -27.565     85.095   0.552823  -0.033295   0.102785   0.547665  -0.098953   0.305479   0.567234  -0.034163   0.105465   0.551971  -0.099731   0.307881   0.134424   0.001053  0.567    4      6.716
00601  33.066003  -0.456141   0.101257  29909.694  30567.439     48    7    152.983    -15.291     35.313   0.230047  -0.021056   0.048628   0.038163  -0.010479   0.024201   0.293747  -0.026887   0.062093   0.040406  -0.011095   0.025624   0.101397   0.000514  0.294    6      6.710
00602  16.421342  -0.797350   0.066684  19530.279  20611.931    118   65    317.815    -36.903     53.197   0.478411  -0.050870   0.073332   0.331833  -0.105853   0.152592   0.605616  -0.064396   0.092830   0.354524  -0.113091   0.163026   0.066575   0.001028  0.606   16      6.709
00603   3.197967   0.747834   0.147834  44069.791  44827.367     40    8    333.005    -62.320     61.144   0.434547  -0.074472   0.073066   0.269606  -0.138614   0.135998   0.578022  -0.099061   0.097191   0.291458  -0.149849   0.147021   0.147852   0.001135  0.578    4      6.707
00612  37.983632  -0.008885   0.178141  52765.571  53745.892     21    7    328.073    -51.278     71.929   0.445035  -0.063699   0.089352   0.298863  -0.128331   0.180014   0.622745  -0.089135   0.125033   0.327553  -0.140650   0.197295   0.178141   0.001323  0.623    7      6.688
00613   1.878057  -0.799722   0.073194  21548.482  22177.747     74   34    226.323    -51.808     50.155   0.334481  -0.070116   0.067880   0.114119  -0.071767   0.069478   0.407987  -0.085525   0.082797   0.120139  -0.075553   0.073143   0.073334   0.000673  0.408    6      6.687
00614   1.249461   0.967204   0.099959  28440.411  30276.340     81   22    258.869   -137.817     79.347   0.375637  -0.183134   0.105439   0.165934  -0.242693   0.139729   0.543040  -0.264748   0.152427   0.182498  -0.266919   0.153677   0.099940   0.000952  0.543    8      6.686
00663  31.112895   0.304493   0.173573  51672.228  52659.744     29    5    256.541    -25.403     51.933   0.340210  -0.030850   0.063068   0.132878  -0.036148   0.073898   0.420605  -0.038141   0.077972   0.140453  -0.038209   0.078111   0.173230   0.000826  0.421    4      6.553
00676 337.300439   0.416662   0.129022  38404.313  39010.194     34   13    208.444    -23.138     46.895   0.304049  -0.030907   0.062641   0.090596  -0.027627   0.055994   0.393246  -0.039974   0.081017   0.096634  -0.029469   0.059726   0.129158   0.000735  0.393    7      6.525
00688  24.326786  -0.445193   0.055741  16307.810  17167.016     65   43    156.120    -19.175     39.642   0.244232  -0.027470   0.056791   0.043689  -0.014742   0.030477   0.396556  -0.044602   0.092211   0.048730  -0.016443   0.033994   0.055946   0.000625  0.397   11      6.485
00711 324.326739   0.444765   0.051081  14655.954  15918.380     86   31    315.628    -37.106     72.107   0.478204  -0.051482   0.100045   0.326498  -0.105449   0.204920   0.590828  -0.063607   0.123607   0.346525  -0.111917   0.217489   0.050948   0.000929  0.591   14      6.433
00724  14.263440  -0.842061   0.044692  12358.644  14632.870    192  149    554.547    -48.906     70.141   0.828784  -0.066933   0.095995   1.689435  -0.409320   0.587046   0.871762  -0.070404   0.100973   1.717934  -0.416225   0.596949   0.044077   0.001417  0.872   33      6.400
00747  29.661537  -0.694848   0.189207  56346.292  57128.751     22    5    368.904    -12.656     46.266   0.466239  -0.014648   0.053547   0.347677  -0.032768   0.119790   0.629047  -0.019762   0.072245   0.377885  -0.035615   0.130198   0.188047   0.000143  0.629    4      6.340
00755  29.347328   0.420018   0.135601  40380.845  41290.115     31   11    157.314    -18.242     43.356   0.212530  -0.022568   0.053639   0.031149  -0.009923   0.023584   0.521607  -0.055389   0.131645   0.037373  -0.011906   0.028297   0.135750   0.001011  0.522    4      6.322
00786  29.781579   0.819615   0.135729  39572.604  40882.398     46   17    369.227   -203.940    112.588   0.515535  -0.260762   0.143957   0.444646  -0.674717   0.372487   0.699945  -0.354038   0.195452   0.484915  -0.735822   0.406222   0.135751   0.001095  0.700    9      6.261
00788  42.266723  -0.743539   0.075092  22336.936  22681.098     40    6    140.311    -12.724     29.787   0.214052  -0.017776   0.041613   0.029964  -0.007465   0.017475   0.297794  -0.024730   0.057893   0.032274  -0.008041   0.018823   0.075048   0.000503  0.298    6      6.259
00791  20.049799  -0.108379   0.077695  22666.708  24548.505     91   56    429.417    -50.797     97.135   0.625621  -0.067772   0.129594   0.750022  -0.243744   0.466089   0.555625  -0.060189   0.115095   0.721994  -0.234635   0.448672   0.077648   0.000796  0.556    7      6.252
00795  57.488632   0.052447   0.131629  38907.365  40645.262     24    6    236.607   -149.134     62.812   0.334711  -0.193195   0.081369   0.121182  -0.209839   0.088379   0.467241  -0.269692   0.113587   0.131860  -0.228329   0.096166   0.131769   0.000351  0.467    6      6.247
00821 322.108128   0.195127   0.138360  40978.631  42189.793     46    5    405.404    -15.380    139.993   0.534588  -0.018573   0.169050   0.497122  -0.051813   0.471607   0.749132  -0.026026   0.236894   0.547193  -0.057032   0.519108   0.138564   0.001492  0.749    5      6.180
00837  35.969847   1.054495   0.136439  40569.115  40981.629     27    5    217.591    -29.895     25.791   0.287386  -0.036158   0.031194   0.077081  -0.029094   0.025100   0.299774  -0.037717   0.032538   0.077928  -0.029414   0.025375   0.136439   0.000435  0.300    3      6.152
00890  33.793496   0.888440   0.122233  36371.421  36894.858     31    8    197.941    -41.914     41.147   0.275047  -0.053335   0.052359   0.066607  -0.038748   0.038039   0.351401  -0.068141   0.066894   0.070728  -0.041145   0.040392   0.122144   0.000652  0.351    4      6.061
00941  43.167642  -0.153717   0.042700  12548.413  13129.111     92   18    241.212    -22.315     43.133   0.365753  -0.030986   0.059893   0.144933  -0.036836   0.071199   0.467245  -0.039584   0.076512   0.154519  -0.039272   0.075908   0.042919   0.000761  0.467    8      5.969
00945  38.279170   1.084282   0.126826  37337.352  38222.639     29    7     92.763    -16.909     41.705   0.138144  -0.023060   0.056875   0.008478  -0.004246   0.010472   0.262397  -0.043801   0.108031   0.009573  -0.004794   0.011824   0.126873   0.000465  0.262    5      5.961
00975   9.600554   0.128932   0.043071  12343.655  13463.979     69    7    440.402    -16.237     50.200   0.621853  -0.020995   0.064911   0.712556  -0.072172   0.223135   0.872334  -0.029452   0.091056   0.786798  -0.079692   0.246384   0.043454   0.001724  0.872    7      5.925
00993  32.166409   0.534853   0.067375  19908.018  20621.224     61   15    185.201    -23.893     47.369   0.279740  -0.033049   0.065522   0.066385  -0.023528   0.046646   0.441553  -0.052166   0.103422   0.073896  -0.026191   0.051925   0.067309   0.000733  0.442    8      5.898
01008 346.363081   0.796344   0.069590  20657.799  21046.330     30    9    127.566    -27.911     39.426   0.190265  -0.038122   0.053850   0.020932  -0.012582   0.017773   0.341418  -0.068408   0.096630   0.023629  -0.014203   0.020062   0.069695   0.000571  0.341    5      5.879
01030  56.900206   0.952825   0.181265  53627.774  54684.243     46   12    414.002    -15.652     61.070   0.535234  -0.018530   0.072301   0.521610  -0.054176   0.211381   0.874055  -0.030261   0.118070   0.597697  -0.062079   0.242216   0.181298   0.001862  0.874    6      5.844
01048 338.012077  -0.699146   0.107230  31991.453  32541.572     31    7    123.375    -14.081     14.081   0.174658  -0.018254   0.018254   0.016801  -0.005268   0.005268   0.366199  -0.038273   0.038273   0.019446  -0.006097   0.006097   0.107230   0.000605  0.366    4      5.827
01069  43.756883   1.156153   0.150925  44825.268  45593.336     27    8    249.408    -49.025     44.199   0.331365  -0.059647   0.053776   0.119928  -0.064762   0.058388   0.478390  -0.086112   0.077636   0.131520  -0.071022   0.064032   0.150861   0.000942  0.478    4      5.797
01074   3.641543  -0.014593   0.064439  18907.611  19782.405    134   75    194.513    -26.846     50.808   0.297209  -0.037564   0.071093   0.079390  -0.030102   0.056971   0.475591  -0.060109   0.113762   0.088783  -0.033663   0.063711   0.064558   0.000801  0.476   11      5.791
01100 340.892160   0.068765   0.125670  37666.224  38339.858     13    6     44.146    -63.194     53.567   0.065052  -0.085275   0.072285   0.000884  -0.003477   0.002948   0.499509  -0.654797   0.555049   0.001144  -0.004501   0.003815   0.125670   0.000072  0.500    4      5.744
01103 321.102740   1.154737   0.049987  14551.027  15474.987     53   21    280.120    -34.726     68.441   0.423357  -0.048062   0.094724   0.226314  -0.077077   0.151910   0.499254  -0.056678   0.111705   0.236840  -0.080662   0.158975   0.049841   0.000810  0.499    9      5.736
01147  39.274071  -0.413919   0.186148  55151.619  56301.024     16    7    421.380    -32.803     78.865   0.553414  -0.039452   0.094850   0.579561  -0.123949   0.297994   0.719804  -0.051314   0.123368   0.625808  -0.133840   0.321773   0.186279   0.001527  0.720    6      5.671
01182  11.527678   0.991613   0.107288  31266.555  33141.756     63   10    631.166    -34.147     71.381   0.852696  -0.042246   0.088311   1.955126  -0.290592   0.607457   1.199872  -0.059446   0.124267   2.178998  -0.323866   0.677014   0.106944   0.002368  1.200   10      5.611
01255   1.833658   0.494484   0.092761  26923.161  28620.287     63   11    477.044    -51.431    106.258   0.668898  -0.066040   0.136439   0.930297  -0.275543   0.569276   0.939075  -0.092714   0.191549   1.029681  -0.304980   0.630092   0.092450   0.001757  0.939   11      5.528
01359 339.635062   0.047585   0.058239  17176.009  17886.517     50    5    259.999    -23.993     32.724   0.371498  -0.031394   0.042818   0.154123  -0.039073   0.053292   0.518918  -0.043852   0.059809   0.168018  -0.042596   0.058096   0.057355   0.000219  0.519    5      5.418
01375 351.794649  -0.739002   0.099208  29328.097  30379.169     42    8    373.953    -41.867     84.345   0.523813  -0.053704   0.108192   0.449609  -0.138288   0.278595   0.701625  -0.071934   0.144918   0.488590  -0.150278   0.302750   0.099756   0.001319  0.702    7      5.399
01386 323.952987   0.989585   0.103589  30828.558  31239.274     20    5    163.322    -93.092     23.151   0.229301  -0.119688   0.029766   0.037880  -0.059317   0.014752   0.368144  -0.192161   0.047789   0.042099  -0.065923   0.016395   0.103589   0.000684  0.368    4      5.389
01457 337.900622   1.138343   0.037161  10825.206  11967.415     52   17    169.442    -35.132     53.796   0.271979  -0.051641   0.079075   0.059286  -0.033770   0.051710   0.378993  -0.071960   0.110188   0.064165  -0.036550   0.055966   0.037165   0.000451  0.379   17      5.324
01487 338.998744  -0.437028   0.058023  16889.108  17794.781     49    8    219.191    -25.251     53.585   0.330469  -0.034863   0.073983   0.108468  -0.034329   0.072849   0.461189  -0.048653   0.103248   0.117926  -0.037322   0.079201   0.058197   0.000770  0.461    8      5.294
01495  50.919185  -0.112853   0.053316  15330.787  16430.725     83   16    359.255    -28.071     51.638   0.533686  -0.038187   0.070247   0.454800  -0.097627   0.179591   0.695078  -0.049735   0.091491   0.490535  -0.105298   0.193702   0.053465   0.001193  0.695   13      5.281
01538  52.416664  -0.520722   0.086158  25507.841  26134.707     45   13    217.366    -52.187     54.820   0.320630  -0.070494   0.074050   0.101798  -0.067144   0.070531   0.387156  -0.085121   0.089414   0.106848  -0.070476   0.074030   0.086234   0.000662  0.387    6      5.227
01550 340.053103  -0.537145   0.087167  25304.882  26535.530     44    8    349.980    -44.950     57.876   0.498471  -0.058628   0.075487   0.382892  -0.135102   0.173952   0.698002  -0.082096   0.105703   0.420520  -0.148379   0.191046   0.087428   0.001296  0.698    8      5.211
01569  46.637246   0.994834   0.152834  45517.189  46246.284     22    6    149.251    -17.280     36.519   0.211714  -0.022446   0.047438   0.031340  -0.009968   0.021067   0.345780  -0.036660   0.077477   0.034889  -0.011097   0.023452   0.152638   0.000669  0.346    5      5.188
01575  52.617591  -0.868713   0.021362   6040.218   6879.637     71    8    212.114    -26.680     54.766   0.326305  -0.037585   0.077152   0.100891  -0.034863   0.071564   0.455295  -0.052443   0.107650   0.109627  -0.037882   0.077761   0.021224   0.000726  0.455    8      5.185
01584  29.448194  -0.146074   0.134862  40045.677  40798.456     29    6    200.876    -24.815     74.459   0.271945  -0.030765   0.092310   0.065208  -0.022131   0.066403   0.446281  -0.050487   0.151487   0.073176  -0.024835   0.074517   0.135080   0.000837  0.446    4      5.182
01598  11.049940  -0.523564   0.110619  32819.779  33676.886     31    9    273.434    -22.410     63.002   0.379197  -0.028459   0.080010   0.172516  -0.038843   0.109201   0.528061  -0.039632   0.111420   0.188083  -0.042348   0.119055   0.110432   0.000968  0.528    5      5.164
01616  39.742771   0.500821   0.047314  14038.381  14548.628     62   16     62.131    -14.191     32.898   0.098107  -0.020520   0.047570   0.002809  -0.001763   0.004086   0.273375  -0.057178   0.132554   0.003309  -0.002077   0.004814   0.047201   0.000430  0.273    5      5.151
01670 326.799599   0.736240   0.123662  35786.825  37810.724     49   30    557.759    -43.672     79.543   0.771349  -0.055308   0.100736   1.471221  -0.316471   0.576411   1.058433  -0.075892   0.138228   1.623705  -0.349271   0.636153   0.123275   0.002089  1.058   17      5.101
01700 344.907200   0.053564   0.109786  32315.828  33974.280     26   11    364.110    -13.580     69.382   0.497941  -0.017007   0.086890   0.390308  -0.039993   0.204325   0.454863  -0.015536   0.079373   0.379743  -0.038911   0.198794   0.109399   0.000800  0.455    4      5.073
01709  48.616776   0.241958   0.129585  38314.376  39603.183     63   33    267.405    -33.660     66.793   0.380438  -0.043853   0.087020   0.177574  -0.061407   0.121853   0.655486  -0.075558   0.149934   0.203581  -0.070400   0.139700   0.130262   0.001217  0.655   10      5.064
