# id      ra          dec        z         zerr       sn     rich  rich-err R200 R200-err
00001 323.369000  -0.821922   0.072000   0.008000   100.000   0.00   0.00   0.15   0.10
00003 351.526280   1.199452   0.185000   0.005000    22.201   0.00   0.00   0.15   0.10
00005   5.763514  -0.123320   0.153000   0.003000    19.439  18.35   4.28   1.12   0.26
00007  11.572113   0.019957   0.112000   0.002000    17.830  18.64   4.32   1.14   0.26
00009  18.797306   0.271083   0.052000   0.002000    17.104  25.60   5.06   1.45   0.29
00013   7.333900  -0.193256   0.056500   0.001500    16.836  25.12   5.01   1.43   0.29
00016 323.940640   0.153413   0.129000   0.004000    16.309  18.49   4.30   1.13   0.26
00018 321.441620   0.947100   0.134500   0.004500    16.180  13.06   3.61   0.87   0.24
00019 352.082820   1.213339   0.183300   0.001700    15.977   0.00   0.00   0.15   0.10
00022  29.081150   1.060930   0.095150   0.000150    15.038  18.33   4.28   1.12   0.26
00025 328.600900   0.622266   0.225200   0.000200    14.646   9.75   3.12   0.69   0.22
00028 355.258060   0.073116   0.194000   0.004000    14.196   8.27   2.88   0.61   0.21
00033  22.871489   0.545915   0.085000   0.005000    13.825  14.90   3.86   0.96   0.25
00035  11.863456  -0.884633   0.121000   0.001000    13.566  15.53   3.94   0.99   0.25
00041  41.540253  -0.041039   0.160800   0.004200    13.354   1.60   1.27   0.17   0.14
00044   5.063463   0.059998   0.199900   0.004900    13.275   9.25   3.04   0.66   0.22
00046  41.479176  -0.704108   0.179000   0.001000    13.220  10.31   3.21   0.72   0.22
00047 336.054440   0.336348   0.192100   0.002100    13.217   7.71   2.78   0.58   0.21
00048   5.426930  -0.869949   0.100000   0.000000    13.200  12.02   3.47   0.81   0.23
00049 353.835170   1.052459   0.088000   0.002000    13.106  13.33   3.65   0.88   0.24
00053  11.479206  -0.858218   0.108000   0.003000    12.796  18.39   4.29   1.13   0.26
00055  15.678255   1.130872   0.143000   0.003000    12.774  12.41   3.52   0.83   0.24
00056  46.606060  -0.124258   0.109000   0.004000    12.736  21.70   4.66   1.28   0.27
00058  46.093460   1.036260   0.136000   0.004000    12.668   6.76   2.60   0.52   0.20
00062  19.683770  -1.103050   0.049000   0.001000    12.135  10.77   3.28   0.75   0.23
00063  50.583527   0.437959   0.133000   0.002000    12.106  11.62   3.41   0.79   0.23
00068  29.496044  -0.708876   0.194000   0.001000    11.873   2.11   1.45   0.21   0.15
00071 352.528530  -1.237042   0.101000   0.004000    11.760   0.00   0.00   0.15   0.10
00074   7.607511  -0.653028   0.201900   0.008100    11.539   1.19   1.09   0.14   0.13
00076  32.535030  -1.030743   0.165600   0.004400    11.494  11.50   3.39   0.78   0.23
00077  41.587284  -0.527121   0.058500   0.008500    11.484   6.39   2.53   0.50   0.20
00079  13.294034  -0.797424   0.143000   0.003000    11.199  11.02   3.32   0.76   0.23
00080  33.383987  -1.290016   0.210500   0.000500    11.151   5.91   2.43   0.47   0.19
00085  20.244177  -0.541241   0.091500   0.001500    11.008   9.98   3.16   0.70   0.22
00086 353.346130  -1.141656   0.108000   0.002000    11.005  11.28   3.36   0.77   0.23
00087   0.676176  -0.519772   0.214600   0.005400    10.963   7.39   2.72   0.56   0.21
00090  33.557476  -0.183750   0.142000   0.003000    10.931  11.58   3.40   0.79   0.23
00094  56.342540   1.011545   0.203000   0.008000    10.830   6.20   2.49   0.49   0.20
00095 338.788120  -1.131874   0.089000   0.006000    10.812  16.55   4.07   1.04   0.26
00099   8.568287   0.836033   0.194000   0.009000    10.559   8.49   2.91   0.62   0.21
00100 344.561920   0.509189   0.213000   0.007000    10.510   2.35   1.53   0.23   0.15
00103  11.011013   0.113126   0.189000   0.001000    10.445   6.65   2.58   0.51   0.20
00105 328.735400   0.914700   0.184000   0.006000    10.372   5.02   2.24   0.41   0.19
00107   5.216805   0.149993   0.209600   0.000400    10.280   4.45   2.11   0.38   0.18
00109  29.867163  -0.110477   0.140000   0.005000    10.257  10.88   3.30   0.75   0.23
00110   7.220543   0.309884   0.184000   0.006000    10.250   3.66   1.91   0.32   0.17
00111   9.435396   0.029967   0.227400   0.002600    10.238   0.77   0.88   0.10   0.11
00114  40.813637  -1.021848   0.227000   0.003000    10.196   3.52   1.88   0.32   0.17
00115   3.200099   0.306658   0.138000   0.003000    10.178   6.16   2.48   0.48   0.20
00118   7.621028  -0.929567   0.225750   0.005750    10.115   4.54   2.13   0.38   0.18
00119  36.978430  -1.150920   0.061500   0.001500    10.108  11.94   3.45   0.81   0.23
00126 359.471370   1.265667   0.202000   0.003000     9.995   9.53   3.09   0.68   0.22
00127  20.462564  -0.188062   0.191000   0.004000     9.989   4.05   2.01   0.35   0.17
00128  38.477566   0.079608   0.189000   0.001000     9.963   4.83   2.20   0.40   0.18
00131 350.603880   1.089105   0.130000   0.000000     9.821  13.75   3.71   0.90   0.24
00140   7.897488   0.019989   0.226500   0.001500     9.726   1.76   1.33   0.18   0.14
00146   0.352791  -0.029984   0.227000   0.008000     9.624   5.88   2.42   0.47   0.19
00147  13.337050  -0.448535   0.163000   0.002000     9.586   2.09   1.44   0.21   0.15
00149  19.658070  -0.161827   0.083500   0.001500     9.571   9.68   3.11   0.69   0.22
00151  10.891605   1.024869   0.183500   0.001500     9.557   8.75   2.96   0.64   0.21
00152   4.203468  -1.136685   0.163500   0.003500     9.547  10.42   3.23   0.73   0.23
00153  50.771070   0.774310   0.165000   0.005000     9.527   5.59   2.36   0.45   0.19
00155 351.102230   0.314637   0.148000   0.002000     9.481  11.12   3.33   0.76   0.23
00157  26.411220   0.189675   0.206500   0.001500     9.445   3.71   1.93   0.33   0.17
00158  30.346743  -0.457711   0.160200   0.005200     9.436   7.76   2.79   0.58   0.21
00160 322.592800  -0.068579   0.130000   0.005000     9.392   7.01   2.65   0.54   0.20
00164  11.155276  -0.911604   0.192000   0.003000     9.338   4.08   2.02   0.35   0.17
00169  44.887245   0.253063   0.223250   0.001750     9.260   4.11   2.03   0.36   0.18
00171  53.572410  -1.180673   0.155400   0.000400     9.258   6.82   2.61   0.52   0.20
00178 359.992370   0.692896   0.084000   0.006000     9.060  13.07   3.62   0.87   0.24
00183 330.120450  -0.567466   0.106000   0.006000     8.973  11.03   3.32   0.76   0.23
00186   9.993254  -0.875510   0.110000   0.000000     8.940   7.49   2.74   0.56   0.21
00188  18.623528  -0.810108   0.172500   0.007500     8.932   7.95   2.82   0.59   0.21
00192   5.927034  -0.899893   0.055000   0.005000     8.843   9.20   3.03   0.66   0.22
00201 326.359560  -0.804364   0.169550   0.000450     8.719   7.96   2.82   0.59   0.21
00202 331.254940  -0.581944   0.138800   0.003800     8.709   4.94   2.22   0.41   0.18
00205   7.580736  -0.436464   0.217000   0.003000     8.673   2.51   1.58   0.24   0.15
00206 329.382200  -0.903603   0.208200   0.003200     8.644   6.51   2.55   0.51   0.20
00208  15.368358  -0.082930   0.112000   0.003000     8.617   7.65   2.77   0.57   0.21
00210  30.141783   0.574813   0.151000   0.001000     8.615   6.36   2.52   0.50   0.20
00211 358.176700   1.101885   0.197950   0.002050     8.606   2.88   1.70   0.27   0.16
00213  27.949661   1.213229   0.105650   0.005650     8.580   7.72   2.78   0.58   0.21
00214   9.085154   0.449573   0.215000   0.000000     8.551   3.73   1.93   0.33   0.17
00223  20.059244  -0.643697   0.222000   0.002000     8.468   1.70   1.30   0.18   0.14
00224   2.206447  -1.086537   0.142000   0.003000     8.464   3.28   1.81   0.30   0.16
00226 323.523930  -0.519035   0.213000   0.002000     8.454   2.93   1.71   0.27   0.16
00227  13.989633   0.674144   0.067500   0.002500     8.452  14.34   3.79   0.93   0.25
00229  11.598854  -0.143025   0.222750   0.002750     8.442   2.54   1.59   0.25   0.15
00233   1.199701  -0.583151   0.070000   0.000000     8.401   1.35   1.16   0.15   0.13
00237 337.272830   0.090790   0.053000   0.003000     8.385   2.57   1.60   0.25   0.15
00239  11.836160   0.382457   0.136000   0.006000     8.369   7.93   2.82   0.59   0.21
00242 332.316070   1.208714   0.143500   0.006500     8.357   9.63   3.10   0.68   0.22
00245 358.828250  -0.163162   0.218000   0.003000     8.338   4.46   2.11   0.38   0.18
00248 344.006620  -0.636771   0.119000   0.006000     8.315  11.07   3.33   0.76   0.23
00249  32.790936  -1.204548   0.187000   0.007000     8.309   6.90   2.63   0.53   0.20
00250  17.673710   1.062500   0.186000   0.001000     8.304   9.21   3.03   0.66   0.22
00265  14.349045  -1.261613   0.223500   0.003500     8.119   2.10   1.45   0.21   0.15
00271 336.001040   0.818144   0.195700   0.004300     8.087   1.69   1.30   0.18   0.14
00276  53.010060  -0.782805   0.160900   0.004100     8.058   6.31   2.51   0.49   0.20
00278  10.995148   1.031468   0.111000   0.001000     8.030   7.24   2.69   0.55   0.20
00283  27.556534   0.982371   0.143000   0.002000     8.008   7.73   2.78   0.58   0.21
00286   0.836040   0.912976   0.187500   0.002500     8.004   6.34   2.52   0.50   0.20
00287  10.093374   0.855497   0.117000   0.007000     7.996   7.14   2.67   0.54   0.20
00288  26.639898  -0.640721   0.074000   0.004000     7.993   8.00   2.83   0.59   0.21
00290   0.692940  -0.203244   0.208000   0.003000     7.989   1.03   1.02   0.12   0.12
00291  28.269012   1.049532   0.063000   0.002000     7.986  14.96   3.87   0.96   0.25
00293 333.346100  -0.151064   0.102000   0.007000     7.985   7.90   2.81   0.59   0.21
00294  33.465073   0.467534   0.214200   0.000800     7.980   5.18   2.28   0.42   0.19
00295  40.671986   0.006330   0.068000   0.007000     7.979   1.62   1.27   0.17   0.14
00296  10.466914   0.472600   0.148000   0.002000     7.975   4.85   2.20   0.40   0.18
00297 329.471700  -0.544199   0.146000   0.004000     7.975   7.93   2.82   0.59   0.21
00298 329.451320   0.996063   0.165800   0.000800     7.973   2.51   1.59   0.24   0.15
00301  18.018625  -0.731232   0.194750   0.000250     7.967   5.23   2.29   0.43   0.19
00304  36.984814   1.086960   0.128000   0.002000     7.961  10.13   3.18   0.71   0.22
00308  14.063135  -0.597729   0.111000   0.001000     7.936  13.46   3.67   0.89   0.24
00310  45.756115  -0.193151   0.204800   0.000200     7.929   5.75   2.40   0.46   0.19
00313  20.649036  -0.821350   0.193850   0.001150     7.895   6.56   2.56   0.51   0.20
00314 356.216030   1.177241   0.061000   0.006000     7.894   9.33   3.05   0.67   0.22
00315   5.767031   0.986572   0.222800   0.002200     7.893   2.61   1.62   0.25   0.16
00317   7.967566   0.293165   0.082000   0.003000     7.886   7.28   2.70   0.55   0.20
00322  28.345406   0.625712   0.138000   0.003000     7.840  10.02   3.16   0.71   0.22
00324  26.951698   0.189496   0.217500   0.002500     7.814   2.52   1.59   0.24   0.15
00326   9.779188  -0.302959   0.182000   0.002000     7.807   2.33   1.53   0.23   0.15
00330  19.854168  -0.736310   0.225500   0.000500     7.763   2.44   1.56   0.24   0.15
00333  27.814330  -0.769865   0.203250   0.001750     7.754   0.89   0.94   0.11   0.12
00336  31.813223  -1.009713   0.130500   0.005500     7.751   3.01   1.73   0.28   0.16
00338 340.664120   1.106502   0.066000   0.006000     7.740   7.44   2.73   0.56   0.21
00341  36.307410  -1.069622   0.212650   0.002650     7.726   2.28   1.51   0.23   0.15
00344  23.766396  -1.146235   0.166300   0.001300     7.709   7.12   2.67   0.54   0.20
00346   6.400440   0.789845   0.197450   0.002550     7.697   2.37   1.54   0.23   0.15
00348 340.919040   0.336343   0.210700   0.004300     7.675   0.80   0.89   0.10   0.11
00350 340.861180   0.349368   0.059000   0.009000     7.654   6.30   2.51   0.49   0.20
00351 345.231800   0.174281   0.059300   0.004300     7.652   0.74   0.86   0.09   0.11
00352  57.602406   0.830414   0.221000   0.006000     7.642   4.55   2.13   0.38   0.18
00353   6.634097   1.223054   0.152950   0.002050     7.638   4.62   2.15   0.39   0.18
00354  40.594540  -0.857878   0.222000   0.003000     7.620   1.13   1.06   0.13   0.12
00357 328.595550   0.073019   0.158150   0.006850     7.596   4.94   2.22   0.41   0.18
00359 323.628200  -0.150132   0.187500   0.002500     7.590   2.92   1.71   0.27   0.16
00363 345.029000   0.230115   0.215050   0.005050     7.577   2.42   1.56   0.24   0.15
00369 345.522300   0.207251   0.114100   0.000900     7.552   9.19   3.03   0.66   0.22
00370   4.616787  -0.179998   0.201600   0.003400     7.551   3.47   1.86   0.31   0.17
00371 339.569580   0.482090   0.202000   0.007000     7.547   3.30   1.82   0.30   0.17
00373  54.940506  -0.301041   0.135000   0.000000     7.542   7.89   2.81   0.59   0.21
00376 348.323820   0.006604   0.206350   0.003650     7.532   1.87   1.37   0.19   0.14
00379  42.400177   0.075569   0.216350   0.003650     7.529   3.40   1.84   0.31   0.17
00382  28.263372  -0.563879   0.137000   0.008000     7.524   5.65   2.38   0.45   0.19
00386  21.470644   0.527208   0.108250   0.001750     7.513   6.34   2.52   0.50   0.20
00389 328.930150   0.537036   0.200000   0.000000     7.512   3.85   1.96   0.34   0.17
00399  33.175785   0.493654   0.172300   0.002300     7.445   4.80   2.19   0.40   0.18
00401 329.439970   0.610978   0.103300   0.001700     7.425   1.82   1.35   0.19   0.14
00403  10.827446  -0.366032   0.148600   0.003600     7.420   5.01   2.24   0.41   0.18
00405  23.980938   0.656646   0.224800   0.000200     7.406   2.85   1.69   0.27   0.16
00406 330.262540   0.717576   0.208700   0.006300     7.403   1.48   1.21   0.16   0.13
00409   4.190120  -0.473334   0.066000   0.006000     7.392  11.56   3.40   0.79   0.23
00412 352.250370  -1.236735   0.144000   0.001000     7.385   0.58   0.76   0.08   0.10
00417  18.244417   0.999003   0.115000   0.005000     7.358   1.24   1.11   0.14   0.13
00419  20.333320   1.069176   0.223050   0.006950     7.356   2.56   1.60   0.25   0.15
00421  23.737377  -0.679880   0.083000   0.008000     7.350   9.59   3.10   0.68   0.22
00422  15.318542   0.580534   0.185000   0.005000     7.350   1.94   1.39   0.20   0.14
00424   4.803516  -0.863324   0.215800   0.009200     7.340   1.61   1.27   0.17   0.14
00428 326.664430   0.454637   0.222700   0.002300     7.331   0.86   0.93   0.11   0.12
00429   6.757035  -0.169954   0.202000   0.008000     7.321   3.29   1.81   0.30   0.17
00430  31.379940   0.874596   0.228600   0.003600     7.317   3.38   1.84   0.31   0.17
00436 335.723880   0.546172   0.165000   0.005000     7.285   9.62   3.10   0.68   0.22
00437  31.677883   1.275469   0.121900   0.001900     7.283   4.79   2.19   0.40   0.18
00442  25.484090  -1.126748   0.169000   0.001000     7.246   5.37   2.32   0.44   0.19
00446 339.567350  -1.000017   0.135000   0.000000     7.229   6.18   2.49   0.49   0.20
00450  18.527397  -1.203731   0.203500   0.006500     7.223   4.09   2.02   0.35   0.18
00452   4.626821  -0.753330   0.191000   0.004000     7.197   5.58   2.36   0.45   0.19
00454 354.755950   0.714299   0.214850   0.005150     7.193   3.59   1.89   0.32   0.17
00458  20.624410   0.359555   0.193100   0.001900     7.175   3.22   1.79   0.29   0.16
00460  44.590650   0.678615   0.170000   0.000000     7.174   5.60   2.37   0.45   0.19
00467 324.942500   0.458554   0.147500   0.002500     7.151   8.39   2.90   0.62   0.21
00475  19.641254   0.171738   0.200400   0.000400     7.118   1.73   1.32   0.18   0.14
00477  10.106255  -0.213039   0.220150   0.005150     7.107   2.10   1.45   0.21   0.15
00488  43.634888   0.947313   0.073300   0.003300     7.093   7.16   2.68   0.54   0.20
00490   7.180497  -0.083303   0.202000   0.003000     7.083   8.13   2.85   0.60   0.21
00491   0.616062   0.696352   0.182000   0.003000     7.083   5.63   2.37   0.45   0.19
00492  18.396494   1.240287   0.118250   0.003250     7.076   8.67   2.94   0.63   0.21
00498  16.066328  -0.875202   0.065000   0.005000     7.033  10.22   3.20   0.72   0.22
00501  27.070670   1.126959   0.113000   0.007000     7.023   6.82   2.61   0.52   0.20
00502 336.225980  -0.414122   0.140000   0.000000     7.017  10.19   3.19   0.71   0.22
00504  47.837196  -0.569169   0.219500   0.000500     7.006   2.39   1.55   0.23   0.15
00515  23.233246  -0.598218   0.095500   0.004500     6.983   7.20   2.68   0.55   0.20
00517 339.927640   1.196278   0.136000   0.004000     6.975   6.24   2.50   0.49   0.20
00522  51.551550  -0.622493   0.046000   0.004000     6.966  10.74   3.28   0.74   0.23
00523   5.730239   0.589942   0.207500   0.002500     6.962   1.75   1.32   0.18   0.14
00526  26.218582   0.647729   0.192000   0.002000     6.953   3.69   1.92   0.33   0.17
00528  13.564711  -0.641136   0.140200   0.004800     6.948   4.21   2.05   0.36   0.18
00531  26.173664   0.353332   0.075000   0.005000     6.940   2.85   1.69   0.27   0.16
00532 352.493230  -0.590304   0.178800   0.001200     6.937   3.28   1.81   0.30   0.16
00533  37.731216  -1.273108   0.180000   0.005000     6.937   2.24   1.50   0.22   0.15
00536 328.988700   1.147365   0.222000   0.007000     6.931   2.66   1.63   0.25   0.16
00538   7.597835  -1.116159   0.217350   0.002650     6.930   1.69   1.30   0.18   0.14
00539  26.246403  -0.817803   0.186000   0.001000     6.929   3.18   1.78   0.29   0.16
00542  39.505900   0.495355   0.205000   0.000000     6.922   0.00   0.00   0.15   0.10
00549  23.231120   0.959789   0.122000   0.003000     6.899   8.49   2.91   0.62   0.21
00552 330.477080   0.076584   0.065000   0.000000     6.895   7.72   2.78   0.58   0.21
00564 330.306340  -0.169047   0.191000   0.001000     6.870   3.66   1.91   0.33   0.17
00566 340.028350  -0.880253   0.062000   0.002000     6.867  10.65   3.26   0.74   0.23
00570  15.279057  -0.942163   0.175000   0.000000     6.854   4.57   2.14   0.39   0.18
00572 326.525330   1.164550   0.081750   0.001750     6.847   2.02   1.42   0.21   0.14
00574 348.135300   0.155152   0.120000   0.005000     6.835   8.45   2.91   0.62   0.21
00578  25.822643   0.972251   0.192200   0.002200     6.816   1.56   1.25   0.17   0.13
00585  25.535690   0.445414   0.199500   0.000500     6.764   5.16   2.27   0.42   0.19
00587  10.721293  -1.024959   0.206000   0.001000     6.763   3.23   1.80   0.30   0.16
00589  13.832012  -0.355377   0.157500   0.002500     6.757   7.85   2.80   0.59   0.21
00592  42.828087  -0.937108   0.166000   0.001000     6.736   2.58   1.61   0.25   0.15
00597  13.087216  -1.066715   0.140050   0.005050     6.716   4.72   2.17   0.40   0.18
00601  33.048237  -0.448612   0.135000   0.005000     6.710   4.55   2.13   0.38   0.18
00602  16.431560  -0.795366   0.071000   0.001000     6.709  10.48   3.24   0.73   0.23
00603   3.203387   0.733317   0.140500   0.000500     6.707   5.18   2.28   0.42   0.19
00606   5.356819  -0.243318   0.159000   0.001000     6.702   5.53   2.35   0.45   0.19
00608  26.278677  -0.127569   0.192000   0.002000     6.695   2.47   1.57   0.24   0.15
00610   7.504431   1.099527   0.226500   0.006500     6.692   0.87   0.93   0.11   0.12
00612  37.985870  -0.012754   0.179000   0.001000     6.688   5.02   2.24   0.41   0.18
00613   1.883153  -0.803192   0.079000   0.001000     6.687   4.24   2.06   0.36   0.18
00614   1.252856   0.973048   0.099000   0.001000     6.686   8.52   2.92   0.62   0.21
00616  32.806710   0.167917   0.207000   0.003000     6.683   2.89   1.70   0.27   0.16
00619  37.698105  -0.577564   0.169250   0.000750     6.676   1.12   1.06   0.13   0.12
00629 323.230070   1.190172   0.152400   0.002600     6.629   6.48   2.55   0.50   0.20
00633 324.932000   0.954777   0.213000   0.003000     6.623   6.58   2.57   0.51   0.20
00635   4.296801   0.830006   0.196650   0.003350     6.618   2.74   1.66   0.26   0.16
00637  39.599710   0.295230   0.220000   0.005000     6.616   3.40   1.84   0.31   0.17
00641  23.195410   1.258979   0.122500   0.002500     6.603  10.96   3.31   0.76   0.23
00645  55.291744   0.829669   0.215000   0.000000     6.589   2.78   1.67   0.26   0.16
00657  31.367327   0.220272   0.180000   0.005000     6.561   6.39   2.53   0.50   0.20
00660  20.513226  -0.333213   0.216300   0.008700     6.555   1.42   1.19   0.16   0.13
00662 341.105530   0.587981   0.170400   0.004600     6.553   4.43   2.10   0.38   0.18
00663  31.113703   0.301416   0.208200   0.003200     6.553   1.98   1.41   0.20   0.14
00665 326.365200   0.438461   0.180500   0.000500     6.552   3.75   1.94   0.33   0.17
00671   5.706915  -0.646605   0.160000   0.005000     6.528   3.29   1.81   0.30   0.17
00675  19.805359  -1.208559   0.130000   0.000000     6.526   4.62   2.15   0.39   0.18
00676 337.296300   0.415063   0.132000   0.007000     6.525   6.46   2.54   0.50   0.20
00683  21.486671   1.238933   0.194000   0.006000     6.501   3.35   1.83   0.30   0.17
00685  40.347080   0.570209   0.215600   0.005600     6.498   0.00   0.00   0.15   0.10
00687   8.561570  -0.782741   0.105000   0.000000     6.490   2.66   1.63   0.25   0.16
00688  24.322270  -0.429875   0.049000   0.001000     6.485  10.14   3.18   0.71   0.22
00689  50.160072  -1.239298   0.178000   0.007000     6.484   4.66   2.16   0.39   0.18
00693 318.059020  -0.233174   0.059300   0.004300     6.471   0.00   0.00   0.15   0.10
00695   1.276454   0.389884   0.078000   0.002000     6.466   8.44   2.91   0.62   0.21
00700   8.051107  -0.659608   0.215500   0.000500     6.454   1.99   1.41   0.20   0.14
00711 324.368620   0.504759   0.052000   0.002000     6.433   9.10   3.02   0.66   0.22
00716  50.168407  -1.052135   0.205000   0.000000     6.421   7.04   2.65   0.54   0.20
00718 322.702900   0.277533   0.173900   0.001100     6.417   2.90   1.70   0.27   0.16
00719  32.954597  -0.003228   0.196000   0.001000     6.417   2.85   1.69   0.27   0.16
00724  14.250908  -0.823422   0.048000   0.002000     6.400  13.83   3.72   0.90   0.24
00727 345.477570  -0.648034   0.194000   0.006000     6.396   5.09   2.26   0.42   0.19
00735  29.666904  -1.274267   0.183000   0.003000     6.376   6.15   2.48   0.48   0.20
00747  29.663404  -0.682636   0.189000   0.006000     6.340   5.44   2.33   0.44   0.19
00751   6.950426   0.169947   0.222000   0.003000     6.327   1.70   1.30   0.18   0.14
00755  29.344702   0.406584   0.137500   0.002500     6.322   7.60   2.76   0.57   0.21
00756  25.384655  -0.920541   0.218000   0.003000     6.320   2.11   1.45   0.21   0.15
00763 356.696930   1.294002   0.075000   0.010000     6.303   1.13   1.06   0.13   0.12
00767  30.715904   0.045412   0.050250   0.004750     6.299   1.42   1.19   0.16   0.13
00768 344.511570   0.302205   0.117000   0.002000     6.298   6.39   2.53   0.50   0.20
00769 323.691960   0.872834   0.090000   0.000000     6.294   1.25   1.12   0.14   0.13
00770   8.034620  -0.926126   0.161000   0.006000     6.287   0.46   0.68   0.07   0.10
00771  36.999252   0.664931   0.055000   0.000000     6.287   0.65   0.81   0.09   0.11
00775   6.127176  -1.103175   0.141500   0.003500     6.276   4.66   2.16   0.39   0.18
00784  27.335663  -1.054594   0.151500   0.001500     6.263   5.62   2.37   0.45   0.19
00785 325.960940   0.844362   0.212400   0.002600     6.262   1.96   1.40   0.20   0.14
00786  29.780413   0.848225   0.139850   0.000150     6.261   5.86   2.42   0.47   0.19
00788  42.244200  -0.771808   0.094500   0.000500     6.259   3.86   1.96   0.34   0.17
00790 319.110930  -0.822345   0.098500   0.003500     6.253   0.00   0.00   0.15   0.10
00791  20.065226  -0.092427   0.086500   0.003500     6.252   7.89   2.81   0.59   0.21
00794  35.047470   0.732429   0.199350   0.005650     6.248   0.39   0.63   0.06   0.09
00795  57.485527   0.056580   0.155300   0.000300     6.247   4.40   2.10   0.37   0.18
00803 345.700680   0.569265   0.170000   0.000000     6.228   4.57   2.14   0.39   0.18
00806  19.741684  -1.268096   0.183000   0.007000     6.208   1.16   1.08   0.13   0.12
00807   5.116798  -0.083330   0.057500   0.002500     6.208  10.20   3.19   0.72   0.22
00809  15.992779  -0.951516   0.214800   0.000200     6.201   4.24   2.06   0.36   0.18
00810  28.266546  -0.485649   0.197700   0.002700     6.199   1.73   1.32   0.18   0.14
00821 322.075380   0.171152   0.119000   0.004000     6.180   5.56   2.36   0.45   0.19
00833   9.315354   0.379605   0.218400   0.003400     6.165   0.87   0.93   0.11   0.12
00835  16.740139  -0.818324   0.139000   0.001000     6.156   3.26   1.81   0.30   0.16
00837  35.970726   1.041678   0.158500   0.001500     6.152   3.10   1.76   0.29   0.16
00851  27.499410  -0.052224   0.180000   0.005000     6.128   4.43   2.10   0.38   0.18
00852  32.394000  -0.171303   0.156500   0.001500     6.123   5.17   2.27   0.42   0.19
00854 335.983830  -0.824581   0.140000   0.010000     6.122   4.49   2.12   0.38   0.18
00855 326.113220   1.153662   0.185500   0.009500     6.121   3.01   1.73   0.28   0.16
00856  28.638150   0.442967   0.229000   0.004000     6.120   0.87   0.93   0.11   0.12
00860  31.875190  -0.165025   0.186000   0.006000     6.106   4.37   2.09   0.37   0.18
00866 343.544920  -0.934793   0.143000   0.007000     6.099   4.36   2.09   0.37   0.18
00868 322.559660  -1.256136   0.168000   0.003000     6.098   1.59   1.26   0.17   0.14
00873 337.991180   0.493591   0.221000   0.001000     6.091   1.67   1.29   0.18   0.14
00882 324.725040  -1.120520   0.159000   0.001000     6.073   4.29   2.07   0.37   0.18
00884 349.384600  -1.061225   0.191000   0.004000     6.066   3.26   1.80   0.30   0.16
00885 344.332860  -1.139549   0.188500   0.006500     6.065   3.40   1.84   0.31   0.17
00888  43.015090   1.241440   0.197300   0.002700     6.062   1.04   1.02   0.12   0.12
00890  33.794750   0.911814   0.135500   0.005500     6.061   4.24   2.06   0.36   0.18
00898 331.196930   0.271745   0.113000   0.002000     6.045   3.78   1.94   0.33   0.17
00906 343.470900   0.816616   0.213000   0.003000     6.031   1.61   1.27   0.17   0.14
00910  50.739380   0.397911   0.052000   0.002000     6.026   3.86   1.96   0.34   0.17
00916  29.215210  -1.190801   0.222550   0.007450     6.014   0.72   0.85   0.09   0.11
00918 343.405600  -1.019850   0.152000   0.007000     6.011   2.54   1.59   0.25   0.15
00926 340.590480   0.874635   0.108500   0.001500     5.994   3.85   1.96   0.34   0.17
00931  35.955257   0.817343   0.211300   0.003700     5.989   0.87   0.93   0.11   0.12
00933  11.124975   0.728627   0.181000   0.006000     5.986   3.62   1.90   0.32   0.17
00934 318.118960  -0.972813   0.045000   0.005000     5.984   0.00   0.00   0.15   0.10
00936  35.991790   1.073674   0.209200   0.000800     5.983   0.75   0.86   0.10   0.11
00941  43.163364  -0.150785   0.058000   0.003000     5.969   4.53   2.13   0.38   0.18
00945  38.262707   1.089686   0.129000   0.001000     5.961   5.12   2.26   0.42   0.19
00959  46.210850  -1.287829   0.123000   0.002000     5.943   3.32   1.82   0.30   0.17
00960  30.661299  -1.073808   0.186600   0.003400     5.943   4.35   2.08   0.37   0.18
00961  24.868559  -0.744259   0.181000   0.006000     5.940   2.26   1.50   0.22   0.15
00965  47.698963   0.064990   0.210000   0.000000     5.935   1.14   1.07   0.13   0.12
00966  27.873425  -1.007898   0.207000   0.003000     5.935   3.71   1.92   0.33   0.17
00969 354.627660  -1.262383   0.202000   0.002000     5.929   6.21   2.49   0.49   0.20
00973  42.248520  -0.122856   0.181000   0.004000     5.925   3.52   1.88   0.32   0.17
00975   9.648980   0.119859   0.065500   0.005500     5.925   4.30   2.07   0.37   0.18
00980 350.229280   0.532751   0.190500   0.004500     5.916   3.22   1.80   0.29   0.16
00981  25.456285   1.002324   0.191800   0.003200     5.915   1.69   1.30   0.18   0.14
00982  21.914156   1.030743   0.220300   0.000300     5.914   0.71   0.84   0.09   0.11
00985   8.611359   0.349727   0.197000   0.002000     5.907   2.27   1.51   0.23   0.15
00989  17.685370   0.033099   0.224150   0.000850     5.903   1.40   1.18   0.16   0.13
00992 323.574600   0.888142   0.174250   0.000750     5.900   0.89   0.94   0.11   0.12
00993  32.164505   0.510934   0.069000   0.004000     5.898   6.12   2.47   0.48   0.20
00995  23.736656   0.384279   0.155500   0.000500     5.897   3.36   1.83   0.30   0.17
01000   1.876496  -0.773196   0.220500   0.000500     5.889   0.74   0.86   0.09   0.11
01001 323.637880   0.462924   0.108000   0.002000     5.886   4.44   2.11   0.38   0.18
01002  17.957720  -0.499650   0.208250   0.001750     5.886   2.66   1.63   0.25   0.16
01003 322.230100  -0.691194   0.169000   0.001000     5.885   3.22   1.79   0.29   0.16
01008 346.337920   0.813488   0.066000   0.001000     5.879   5.91   2.43   0.47   0.19
01030  56.880740   0.949484   0.197500   0.002500     5.844   4.18   2.05   0.36   0.18
01036  14.331126  -0.766929   0.208000   0.002000     5.837   2.61   1.61   0.25   0.15
01037 339.665220  -0.426791   0.198200   0.003200     5.836   4.11   2.03   0.36   0.18
01048 338.031500  -0.694983   0.135000   0.000000     5.827  10.23   3.20   0.72   0.22
01061  17.894503  -0.784276   0.132500   0.007500     5.810   5.24   2.29   0.43   0.19
01066   0.896291   0.473152   0.202500   0.002500     5.802   4.51   2.12   0.38   0.18
01069  43.754135   1.169597   0.166800   0.001800     5.797   5.49   2.34   0.44   0.19
01074   3.650116  -0.026666   0.055000   0.005000     5.791   9.21   3.03   0.66   0.22
01081 322.424650   0.336472   0.191000   0.004000     5.772   5.55   2.35   0.45   0.19
01083  17.391264  -0.907191   0.206300   0.001300     5.767   3.55   1.88   0.32   0.17
01100 340.926150   0.055514   0.119500   0.000500     5.744   3.17   1.78   0.29   0.16
01102  23.298035  -0.778927   0.151000   0.001000     5.737   5.97   2.44   0.47   0.19
01103 321.047400   1.271451   0.049000   0.001000     5.736   6.13   2.48   0.48   0.20
01118   8.664878   0.629500   0.065000   0.005000     5.710   1.07   1.04   0.13   0.12
01134  19.351042  -1.186083   0.183000   0.003000     5.691   3.70   1.92   0.33   0.17
01147  39.253696  -0.406729   0.191000   0.001000     5.671   1.59   1.26   0.17   0.14
01150  15.362391   0.756327   0.214800   0.000200     5.669   3.50   1.87   0.31   0.17
01157   0.525753  -1.062836   0.145000   0.000000     5.659   3.31   1.82   0.30   0.17
01159 352.899020   0.119429   0.229000   0.004000     5.656   1.74   1.32   0.18   0.14
01168  41.988075  -0.337332   0.173350   0.001650     5.634   0.89   0.94   0.11   0.12
01179  19.482567  -1.261880   0.207000   0.002000     5.619   4.43   2.11   0.38   0.18
01182  11.549576   0.994565   0.111000   0.004000     5.611   5.32   2.31   0.43   0.19
01185 347.691930   1.121777   0.206300   0.003700     5.609   2.45   1.57   0.24   0.15
01190 324.728640  -1.117394   0.205800   0.004200     5.604   0.00   0.00   0.15   0.10
01195  15.713473   0.225500   0.165800   0.005800     5.597   1.66   1.29   0.18   0.14
01206   0.829244   1.082913   0.116300   0.008700     5.587   7.00   2.65   0.54   0.20
01212  19.200617  -0.115653   0.164350   0.000650     5.579   4.15   2.04   0.36   0.18
01214  47.728966  -0.485833   0.135000   0.005000     5.578   5.02   2.24   0.41   0.18
01217 328.276520   0.948418   0.220500   0.000500     5.574   2.60   1.61   0.25   0.15
01218  18.882551  -0.885903   0.082000   0.003000     5.573   0.34   0.58   0.05   0.09
01220  20.567820  -0.692774   0.198500   0.001500     5.566   2.41   1.55   0.24   0.15
01221 321.627100  -0.577934   0.210200   0.005200     5.565   2.60   1.61   0.25   0.15
01235  25.077389  -0.104882   0.174300   0.005700     5.548   3.93   1.98   0.34   0.17
01241 340.963560   0.075112   0.163450   0.006550     5.542   1.01   1.00   0.12   0.12
01246   5.076848   0.673312   0.208000   0.007000     5.538   4.17   2.04   0.36   0.18
01250 340.134900   0.681512   0.211000   0.006000     5.534   3.36   1.83   0.30   0.17
01251  38.870920   0.747521   0.210000   0.000000     5.534   0.88   0.94   0.11   0.12
01253  19.879261  -1.175432   0.180000   0.000000     5.532   4.25   2.06   0.36   0.18
01255   1.833245   0.486574   0.103000   0.002000     5.528   9.43   3.07   0.67   0.22
01259  37.754425   1.154974   0.142000   0.008000     5.524   6.14   2.48   0.48   0.20
01260 359.358580  -0.616146   0.192000   0.003000     5.523   2.63   1.62   0.25   0.16
01268  25.240307   0.285072   0.117050   0.002950     5.517   3.92   1.98   0.34   0.17
01271 346.667570  -1.060977   0.200000   0.000000     5.516   2.10   1.45   0.21   0.15
01273 331.533200   1.065538   0.116500   0.003500     5.512   5.11   2.26   0.42   0.19
01274  42.792866   0.949790   0.209400   0.000600     5.509   3.42   1.85   0.31   0.17
01285   6.790457   0.533186   0.223000   0.003000     5.492   1.61   1.27   0.17   0.14
01286  54.357460   0.051300   0.143000   0.002000     5.487   6.13   2.48   0.48   0.20
01287 334.171970  -0.927493   0.123800   0.001200     5.487   5.94   2.44   0.47   0.19
01289  35.211780  -0.256888   0.200000   0.010000     5.484   1.61   1.27   0.17   0.14
01295 334.636300  -0.480359   0.119000   0.001000     5.479   2.61   1.62   0.25   0.16
01296  45.647650  -0.660694   0.202000   0.003000     5.478   6.27   2.50   0.49   0.20
01303  15.036805   0.112816   0.147800   0.002800     5.469   6.54   2.56   0.51   0.20
01318 349.628100  -0.466267   0.191500   0.001500     5.455   4.97   2.23   0.41   0.18
01320  55.277730   0.505041   0.139000   0.001000     5.454   7.73   2.78   0.58   0.21
01327  26.935898   0.695933   0.174500   0.004500     5.446   3.96   1.99   0.35   0.17
01336  45.509968  -0.090418   0.190200   0.004800     5.442   3.26   1.81   0.30   0.16
01337  44.077957  -0.939724   0.212200   0.002200     5.441   4.27   2.07   0.37   0.18
01338  27.415327  -0.610460   0.119000   0.001000     5.440   1.87   1.37   0.19   0.14
01357 335.857820   0.578661   0.072000   0.003000     5.418   0.91   0.95   0.11   0.12
01359 339.614530   0.146593   0.057500   0.002500     5.418   4.60   2.14   0.39   0.18
01360  30.059795  -1.218047   0.205900   0.004100     5.416   0.93   0.97   0.11   0.12
01366  55.920685  -0.800491   0.203600   0.001400     5.410   0.77   0.88   0.10   0.11
01367 341.446260  -0.310508   0.187500   0.002500     5.408   3.00   1.73   0.28   0.16
01372  11.234911   0.432491   0.216500   0.001500     5.402   1.75   1.32   0.18   0.14
01375 351.799160  -0.739072   0.122850   0.002150     5.399   5.91   2.43   0.47   0.19
01385 324.475900   0.254032   0.130000   0.005000     5.392   5.12   2.26   0.42   0.19
01386 323.946700   0.973741   0.129000   0.001000     5.389   1.92   1.39   0.20   0.14
01391 327.163400   0.546997   0.207000   0.002000     5.380   1.60   1.27   0.17   0.14
01393 347.156200  -1.117713   0.208000   0.002000     5.379   2.73   1.65   0.26   0.16
01394  16.585201   0.457266   0.201700   0.001700     5.379   1.29   1.14   0.15   0.13
01401 325.981170   0.406449   0.228300   0.003300     5.374   2.64   1.63   0.25   0.16
01402  34.659890   1.176851   0.172000   0.003000     5.373   1.61   1.27   0.17   0.14
01404  14.033807  -1.022812   0.179750   0.000250     5.373   2.57   1.60   0.25   0.15
01422 342.916350   0.321110   0.202200   0.007200     5.353   3.65   1.91   0.32   0.17
01432  38.341480   0.009556   0.207500   0.002500     5.340   0.00   0.00   0.15   0.10
01435 341.222080   0.058810   0.096000   0.006000     5.338   4.36   2.09   0.37   0.18
01446 323.807530  -1.042162   0.133000   0.002000     5.331   2.49   1.58   0.24   0.15
01447 322.670170  -0.455231   0.200000   0.005000     5.330   2.54   1.59   0.25   0.15
01457 337.840800   1.129736   0.045600   0.004400     5.324   5.12   2.26   0.42   0.19
01458 331.296880  -0.530841   0.228300   0.003300     5.323   2.19   1.48   0.22   0.15
01459 318.576700   0.104514   0.065000   0.000000     5.323   0.00   0.00   0.15   0.10
01466 331.564450  -0.502404   0.164000   0.001000     5.317   3.75   1.94   0.33   0.17
01471 351.178160  -0.963867   0.101500   0.003500     5.313   4.99   2.23   0.41   0.18
01472 320.171020   0.655417   0.142500   0.002500     5.310   2.95   1.72   0.28   0.16
01474 343.079070   1.225808   0.207450   0.002450     5.305   3.22   1.80   0.29   0.16
01478 342.871700  -0.583200   0.162000   0.002000     5.302   4.32   2.08   0.37   0.18
01483 323.507450  -0.115682   0.132550   0.002550     5.298   3.95   1.99   0.34   0.17
01487 338.965600  -0.429473   0.069000   0.006000     5.294   6.08   2.46   0.48   0.19
01495  50.952724  -0.076460   0.069000   0.001000     5.281   5.84   2.42   0.47   0.19
01498  18.961937  -0.171874   0.176500   0.008500     5.280   5.47   2.34   0.44   0.19
01499  26.961376  -1.052030   0.143000   0.002000     5.277   4.84   2.20   0.40   0.18
01507  15.371811  -0.295229   0.196100   0.001100     5.263   1.16   1.08   0.13   0.12
01515  16.675915   0.569878   0.097000   0.003000     5.255   2.51   1.58   0.24   0.15
01516 357.636720   0.000000   0.184000   0.001000     5.255   3.34   1.83   0.30   0.17
01519  11.655812   0.462323   0.172500   0.002500     5.250   0.80   0.89   0.10   0.11
01525  48.079760   0.012363   0.102000   0.002000     5.248   5.76   2.40   0.46   0.19
01533  30.434378  -0.931496   0.208000   0.002000     5.235   4.78   2.19   0.40   0.18
01534 342.239720   0.818246   0.154500   0.005500     5.235   1.91   1.38   0.20   0.14
01536 345.312440   0.486731   0.120000   0.000000     5.233   4.50   2.12   0.38   0.18
01538  52.367825  -0.523189   0.091300   0.001300     5.227   4.01   2.00   0.35   0.17
01544  20.721851  -0.003298   0.172000   0.008000     5.220   2.66   1.63   0.25   0.16
01545 332.834230  -0.032102   0.217000   0.002000     5.220   2.60   1.61   0.25   0.15
01547 353.618440  -0.620739   0.138500   0.001500     5.217   0.15   0.38   0.03   0.07
01550 340.057070  -0.518395   0.110800   0.000800     5.211   2.58   1.61   0.25   0.15
01569  46.646940   0.984627   0.158500   0.003500     5.188   6.46   2.54   0.50   0.20
01575  52.707497  -0.899181   0.045000   0.005000     5.185   4.12   2.03   0.36   0.18
01584  29.419426  -0.139844   0.125100   0.000100     5.182   6.00   2.45   0.48   0.19
01586 353.996250  -0.856678   0.117000   0.003000     5.177   3.05   1.75   0.28   0.16
01587  33.829970   1.018059   0.222300   0.002300     5.176   2.34   1.53   0.23   0.15
01597  38.372880  -0.035037   0.058500   0.008500     5.166   3.23   1.80   0.30   0.16
01598  11.054617  -0.502404   0.101000   0.004000     5.164   6.45   2.54   0.50   0.20
01600 342.647060   0.802426   0.183000   0.003000     5.164   5.04   2.24   0.42   0.19
01603  18.451748  -0.641593   0.196100   0.003900     5.163   3.33   1.82   0.30   0.17
01606 347.740200  -0.814981   0.206800   0.001800     5.159   3.00   1.73   0.28   0.16
01608  57.250618   0.092409   0.137500   0.007500     5.159   2.42   1.56   0.24   0.15
01615 328.420230   0.269722   0.048500   0.001500     5.152   2.93   1.71   0.27   0.16
01616  39.750880   0.482323   0.055000   0.005000     5.151   4.14   2.03   0.36   0.18
01617  33.126850   0.187157   0.217450   0.002550     5.151   2.96   1.72   0.28   0.16
01625  34.737755   0.016074   0.147450   0.002450     5.144   3.42   1.85   0.31   0.17
01626 325.713800   0.006296   0.213000   0.008000     5.141   1.58   1.26   0.17   0.14
01640 332.025940   0.515805   0.095000   0.010000     5.133   1.12   1.06   0.13   0.12
01642 356.276860   0.784848   0.208000   0.008000     5.132   3.43   1.85   0.31   0.17
01643  37.766530  -0.181851   0.200300   0.000300     5.132   1.29   1.14   0.15   0.13
01655  44.446240   0.012515   0.187500   0.007500     5.122   4.04   2.01   0.35   0.17
01656 332.304260   0.137857   0.194700   0.000300     5.122   4.22   2.05   0.36   0.18
01660 335.069980   1.155311   0.211000   0.009000     5.118   1.14   1.07   0.13   0.12
01663 350.024870  -0.076090   0.227500   0.002500     5.116   1.57   1.25   0.17   0.14
01664   3.926772  -0.800006   0.143500   0.006500     5.115   5.67   2.38   0.46   0.19
01670 326.807040   0.751735   0.115500   0.000500     5.101   4.21   2.05   0.36   0.18
01674 321.840700   0.708949   0.138000   0.007000     5.097   4.41   2.10   0.37   0.18
01675 358.480500   1.062078   0.229250   0.000750     5.095   0.89   0.94   0.11   0.12
01687  23.707540  -0.853998   0.162100   0.002100     5.087   4.36   2.09   0.37   0.18
01700 344.924320   0.052590   0.115000   0.000000     5.073   6.92   2.63   0.53   0.20
01706  15.389001  -0.653477   0.216000   0.001000     5.067   4.06   2.02   0.35   0.17
01707  37.698350   1.116851   0.222000   0.003000     5.065   0.00   0.00   0.15   0.10
01709  48.619873   0.243694   0.116000   0.004000     5.064   4.93   2.22   0.41   0.18
01711  43.786720   0.263361   0.178700   0.006300     5.063   2.38   1.54   0.23   0.15
01723  46.875390  -0.924889   0.074000   0.006000     5.058   2.44   1.56   0.24   0.15
01728  51.027150   0.544242   0.165500   0.004500     5.053   6.36   2.52   0.50   0.20
01729 342.816680  -0.799374   0.182500   0.002500     5.052   4.08   2.02   0.35   0.17
01740   5.700195   0.366631   0.158000   0.008000     5.045   1.44   1.20   0.16   0.13
01754 322.003300   0.392000   0.109150   0.004150     5.037   3.33   1.83   0.30   0.17
01756  50.302250   0.674495   0.201450   0.008550     5.035   0.00   0.00   0.15   0.10
01763  15.348538   0.471049   0.102500   0.002500     5.030   4.63   2.15   0.39   0.18
01768  18.476479   1.068201   0.196950   0.003050     5.025   2.03   1.43   0.21   0.14
01769 344.539120   1.162901   0.092000   0.003000     5.025   8.32   2.88   0.61   0.21
01773  47.180225   0.508461   0.217000   0.007000     5.020   1.74   1.32   0.18   0.14
01779  22.986958  -0.749688   0.208100   0.008100     5.016   3.09   1.76   0.29   0.16
01783  16.559986   1.153151   0.157000   0.003000     5.015   2.69   1.64   0.26   0.16
01790  33.965750   1.175558   0.227000   0.007000     5.005   0.38   0.62   0.06   0.09
