#RA,DEC,ID,RA2,DEC2,z,M,e_M
002.8147000,+00.8646200,104037603010094,002.81470,+00.86462, 0.3622, 4.78, 1.04
004.4060800,-00.8779400,104037601010003,004.40608,-00.87794, 0.2141,14.67, 2.80
005.5973600,+00.2003600,104070301010041,005.59736,+00.20036, 0.2789, 3.98, 0.91
005.8101700,+00.2001600,104070301010056,005.81017,+00.20016, 0.2597, 5.19, 1.14
007.3691800,-00.2139300,104031601010005,007.36918,-00.21393, 0.0600, 3.18, 0.71
009.6585100,+00.7310800,102036901010028,009.65851,+00.73108, 0.6955,16.29, 3.14
009.6681300,+00.7965900,102036901010085,009.66813,+00.79659, 0.5553, 8.04, 1.65
009.8435900,+00.8027700,102036901010023,009.84359,+00.80277, 0.4145,11.52, 2.23
009.9259700,+00.7592600,102036901010017,009.92597,+00.75926, 0.4156, 8.07, 1.61
010.6293000,+00.8533600,100900702010087,010.62930,+00.85336, 0.1579, 5.05, 1.12
010.7189200,+00.7169200,100900702010056,010.71892,+00.71692, 0.2697, 8.36, 1.68
010.8918700,+01.0181100,100900702010050,010.89187,+01.01811, 0.2000, 7.67, 1.55
010.9611400,+00.7921600,100900702010052,010.96114,+00.79216, 0.4754,12.65, 2.47
011.0058300,+00.1122600,103035622010028,011.00583,+00.11226, 0.2187, 9.05, 1.85
013.9424900,+00.6442200,103031104010030,013.94249,+00.64422, 0.0665, 1.84, 0.46
014.0371200,+00.6851000,103031104010036,014.03712,+00.68510, 0.4607, 9.57, 2.11
016.5280400,+00.8238800,101508702010016,016.52804,+00.82388, 0.2564,11.84, 2.46
016.5417200,+00.8522600,101508702010012,016.54172,+00.85226, 0.2566,11.56, 2.34
020.0971700,-00.0790800,106053911010001,020.09717,-00.07908, 0.0780, 6.69, 1.35
029.8214400,+00.5030000,101016402010005,029.82144,+00.50300, 0.3820,24.48, 4.67
029.9714800,+00.2832900,101016402010022,029.97148,+00.28329, 0.7500,12.59, 2.64
030.0800200,+00.3256400,101016402010018,030.08002,+00.32564, 0.6825,15.51, 3.10
032.5526300,-00.2444300,102007306010070,032.55263,-00.24443, 0.2828, 5.58, 1.24
032.6909900,-00.3657400,102007306010018,032.69099,-00.36574, 0.3100, 5.03, 1.07
037.1078000,+00.5344100,106524006010012,037.10780,+00.53441, 0.3952,14.21, 2.71
037.1273800,+00.5090700,106524006010017,037.12738,+00.50907, 0.7200,19.05, 3.62
037.6115700,+00.6260200,106524007010008,037.61157,+00.62602, 0.8600,18.34, 3.49
037.7439500,+00.7243100,106524008010044,037.74395,+00.72431, 0.4727, 7.45, 1.77
044.6938800,+00.2055500,106064313010011,044.69388,+00.20555, 0.2589, 8.25, 1.67
044.8857400,+00.2316100,106064313010004,044.88574,+00.23161, 0.1920,10.59, 2.07
045.4407200,+00.0565900,100411701010097,045.44072,+00.05659, 0.6900, 7.33, 1.64
045.5234700,-00.0005300,100411701010033,045.52347,-00.00053, 0.6500,11.09, 2.18
045.5505400,-00.0257900,100411701010074,045.55054,-00.02579, 1.1900, 9.69, 1.96
045.5508200,+00.1853600,100411701010113,045.55082,+00.18536, 0.6523, 4.94, 1.13
045.8229600,+00.2127200,100411701010112,045.82296,+00.21272, 0.5900, 8.28, 1.77
046.5592300,-00.0947400,101426101010024,046.55923,-00.09474, 0.4249, 9.36, 1.84
046.5720600,-00.1436100,101426101010022,046.57206,-00.14361, 0.1093, 5.34, 1.13
046.6380400,-00.0640800,101426101010059,046.63804,-00.06408, 0.1235, 1.83, 0.46
046.6557000,-00.3005400,102011201010042,046.65570,-00.30054, 0.4576, 6.79, 1.44
053.6927900,+00.2861800,104023202010027,053.69279,+00.28618, 0.3261, 9.92, 2.06
058.5706000,-00.1675100,101349209010028,058.57060,-00.16751, 0.2100,10.27, 2.17
323.4199600,-00.6448100,103048012010021,323.41996,-00.64481, 0.2110,10.02, 1.97
333.0461800,-00.1427500,106553468400021,333.04618,-00.14275, 0.3643,10.24, 2.16
333.5922600,+00.7868000,106553468390009,333.59226,+00.78680, 0.3202, 8.36, 1.75
333.7052600,+00.7853500,106553468390023,333.70526,+00.78535, 0.3171, 7.91, 1.68
334.3457000,-00.1704300,106730001440019,334.34570,-00.17043, 0.3314, 8.56, 1.97
335.4334700,-00.8851300,106700202010013,335.43347,-00.88513, 0.3363, 8.62, 1.76
351.4182700,+00.2466000,106524009010093,351.41827,+00.24660, 0.7900, 4.17, 1.73
351.5577100,+00.1184400,106524009010085,351.55771,+00.11844, 0.3844, 3.91, 0.91
351.9255000,+00.2352200,106524010010078,351.92550,+00.23522, 0.4441, 5.14, 1.16

