# id ra dec z_spec Veli Velf Nwcls Nmemb Vdisp Vdisp_lo Vdisp_hi R500 R500_lo R500_hi M500 M500_lo M500_hi R200 R200_lo R200_hi M2
00 M200_lo M200_hi znew znew-err Rap Nmemb-wR200 SN
00033  11.563149   0.003128   0.113151  32768.815  35197.134     85   56    675.390    -40.726     59.676   0.951345  -0.052533   0.076977   2.731179  -0.452444   0.662966   1.078510  -0.059555   0.087266   2.849732  -0.472083   0.691744   0.113427   0.002047  1.079   31     25.098
00074   7.335079  -0.194552   0.059810  16684.949  18992.452    180  123    454.357    -33.020     47.631   0.677355  -0.045079   0.065025   0.935624  -0.186801   0.269457   0.845253  -0.056253   0.081144   1.001197  -0.199893   0.288342   0.059936   0.001332  0.845   60     19.728
00078  29.073829   1.055237   0.080029  22521.309  25476.363    100   93    643.023    -40.046     55.565   0.919184  -0.052422   0.072737   2.384153  -0.407909   0.565988   1.167415  -0.066578   0.092380   2.578834  -0.441217   0.612204   0.080163   0.002094  1.167   67     19.484
00079  18.801970   0.274217   0.045009  12437.490  14853.517    226  184    449.935    -27.539     41.668   0.671796  -0.037654   0.056972   0.900038  -0.151343   0.228985   0.905351  -0.050745   0.076779   0.984501  -0.165545   0.250474   0.044908   0.001525  0.905   73     19.453
00102  41.470582  -0.710994   0.180379  53171.190  55415.437     35   22    529.966    -73.888    142.797   0.712945  -0.091025   0.175916   1.231629  -0.471745   0.911695   0.878088  -0.112110   0.216664   1.314740  -0.503578   0.973217   0.180580   0.001774  0.878   11     18.306
00116  11.857240  -0.873879   0.116803  34218.311  35901.046     80   19    498.972    -36.789     69.699   0.701335  -0.047353   0.089713   1.098250  -0.222454   0.421456   0.905437  -0.061133   0.115821   1.188111  -0.240656   0.455941   0.117285   0.001742  0.905   15     17.791
00136  22.867526   0.548804   0.079813  22824.999  25053.356     86   65    442.229    -35.139     57.414   0.650825  -0.047357   0.077377   0.846114  -0.184700   0.301785   0.777691  -0.056588   0.092460   0.893492  -0.195042   0.318683   0.079543   0.001382  0.778   23     17.158
00148  15.683547   1.146442   0.143367  42308.211  43575.134     20   10    356.841    -54.348     96.531   0.486395  -0.067839   0.120492   0.376354  -0.157474   0.279696   0.632449  -0.088209   0.156673   0.405277  -0.169576   0.301190   0.143766   0.001231  0.632    6     16.744
00158 353.844004   1.047643   0.085304  24501.438  26414.713     65   61    527.507    -40.639     62.378   0.770308  -0.054344   0.083415   1.410449  -0.298515   0.458201   0.852413  -0.060136   0.092306   1.457378  -0.308447   0.473447   0.085303   0.001515  0.852   27     16.478
00163  46.597736  -0.125095   0.109396  31735.730  33735.945    100   80    526.147    -32.553     46.221   0.749681  -0.042476   0.060309   1.331479  -0.226319   0.321340   0.981897  -0.055633   0.078990   1.448365  -0.246187   0.349549   0.109513   0.001865  0.982   39     16.390
00168  11.472195  -0.861642   0.109125  31287.240  33377.393     81   32    610.719    -58.263     82.427   0.848946  -0.074166   0.104926   1.932983  -0.506613   0.716727   1.110105  -0.096982   0.137205   2.106941  -0.552205   0.781229   0.109067   0.002133  1.110   18     16.269
00175  29.479653  -0.728378   0.187837  55919.688  56780.392     23    5    224.454    -12.550     27.535   0.304543  -0.015593   0.034213   0.096754  -0.014862   0.032608   0.424885  -0.021755   0.047732   0.105099  -0.016144   0.035421   0.188113   0.001079  0.425    5     15.974
00191  50.594775   0.439509   0.131884  38664.833  40523.546     51   25    392.320    -40.739     66.621   0.561276  -0.053373   0.087282   0.571572  -0.163056   0.266648   0.764915  -0.072737   0.118948   0.625096  -0.178325   0.291617   0.131986   0.001448  0.765   22     15.589
00203  32.539492  -1.040585   0.173689  50999.494  52991.015     59   45    515.469    -45.967     78.409   0.702396  -0.057359   0.097841   1.169531  -0.286517   0.488733   0.897374  -0.073281   0.125001   1.261820  -0.309127   0.527300   0.174235   0.001870  0.897   15     15.250
00255  56.338597   1.000533   0.184076  54841.034  55776.986     34    6    267.798    -75.872     60.793   0.357401  -0.092727   0.074299   0.155764  -0.121238   0.097144   0.514404  -0.133461   0.106938   0.171047  -0.133133   0.106675   0.183760   0.001016  0.514    5     14.033
00266  33.550326  -0.170942   0.141669  41611.493  43038.205     34   17    333.268    -28.901     62.546   0.458772  -0.036433   0.078846   0.315257  -0.075108   0.162543   0.736331  -0.058475   0.126548   0.357724  -0.085225   0.184439   0.141648   0.001416  0.736    8     13.814
00323  20.221549  -0.535956   0.092904  26970.529  29006.419     57   21    447.682    -54.172     96.934   0.649179  -0.071936   0.128721   0.850545  -0.282750   0.505946   0.726795  -0.080537   0.144111   0.880838  -0.292820   0.523965   0.092683   0.001128  0.727   13     13.079
00346  38.503227   0.076330   0.186566  55528.159  57019.926     28    5    250.526    -13.374     53.406   0.336753  -0.016462   0.065739   0.130639  -0.019159   0.076508   0.470183  -0.022985   0.091786   0.142233  -0.020859   0.083298   0.186398   0.000968  0.470    5     12.779
00350  29.871235  -0.105389   0.155703  46171.636  47493.721     25   10    514.018    -51.008    110.884   0.683000  -0.062067   0.134924   1.055367  -0.287716   0.625452   0.872387  -0.079277   0.172337   1.137862  -0.310206   0.674342   0.155961   0.001815  0.872    7     12.737
00358   3.215082   0.301939   0.148440  43858.737  45247.975     24   10    458.116    -30.166     73.144   0.620110  -0.037393   0.090667   0.783964  -0.141820   0.343873   0.827807  -0.049917   0.121034   0.854399  -0.154562   0.374768   0.148653   0.001691  0.828    8     12.674
00382 338.810833  -1.114188   0.090450  26866.201  28471.889     29   18    271.023    -96.964     65.538   0.386543  -0.126642   0.085598   0.179122  -0.176056   0.118997   0.539775  -0.176845   0.119530   0.195470  -0.192124   0.129857   0.090711   0.000959  0.540    6     12.376
00392  36.982222  -1.138453   0.070236  20317.235  22223.615     49   23    470.696    -34.689     58.766   0.682010  -0.046027   0.077975   0.964660  -0.195309   0.330871   0.941514  -0.063541   0.107644   1.062973  -0.215214   0.364592   0.070104   0.001700  0.942   22     12.239
00410 350.604839   1.092055   0.119578  35299.962  37676.117     32    5    312.918    -46.211     97.757   0.426596  -0.057692   0.122043   0.247848  -0.100555   0.212717   0.596637  -0.080687   0.170689   0.271223  -0.110038   0.232779   0.118915   0.001144  0.597    5     11.996
00420  41.599137  -0.566310   0.042783  12339.458  13299.393     99   40    256.216    -20.574     38.207   0.402726  -0.029614   0.054996   0.193494  -0.042685   0.079270   0.466892  -0.034332   0.063758   0.201466  -0.044443   0.082536   0.043012   0.000749  0.467   20     11.870
00421   4.195187  -1.144063   0.155168  45629.012  46768.823     30    8    342.520    -34.812     70.835   0.472401  -0.043967   0.089464   0.349007  -0.097448   0.198287   0.661324  -0.061551   0.125243   0.383006  -0.106941   0.217603   0.155267   0.001336  0.661    8     11.860
00424  50.788467   0.765164   0.148402  44139.943  45092.083     32   11    248.430    -51.840     33.757   0.323627  -0.061842   0.040271   0.111431  -0.063880   0.041598   0.324086  -0.061929   0.040328   0.111474  -0.063905   0.041614   0.148754   0.000482  0.324    3     11.841
00457  30.330837  -0.450546   0.158917  47006.258  48566.378     14    5    408.093    -19.516     87.118   0.532168  -0.023306   0.104035   0.500878  -0.065806   0.293753   0.745757  -0.032660   0.145789   0.551363  -0.072439   0.323361   0.158351   0.001603  0.746    5     11.521
00502  19.636386  -0.159071   0.077654  23048.944  24105.112     76   12     94.974    -30.570     28.436   0.143121  -0.042186   0.039241   0.008979  -0.007940   0.007386   0.329579  -0.097146   0.090364   0.010465  -0.009254   0.008608   0.077812   0.000547  0.330    5     11.029
00594   9.997196  -0.887214   0.109839  32227.689  33751.534     26    9    371.750    -39.595     69.768   0.524089  -0.051118   0.090071   0.455107  -0.133168   0.234647   0.734234  -0.071614   0.126187   0.500566  -0.146470   0.258085   0.109637   0.001413  0.734    9     10.463
00595 359.984631   0.708077   0.081804  23930.933  25413.107     94   54    393.689    -35.809     53.932   0.589923  -0.049137   0.074007   0.631340  -0.157760   0.237607   0.657314  -0.054750   0.082461   0.652369  -0.163014   0.245521   0.081361   0.001019  0.657   26     10.459
00619  30.135190   0.580347   0.164090  48558.584  49708.887     47    6    255.739    -43.322     70.521   0.353289  -0.054804   0.089213   0.147335  -0.068567   0.111615   0.493425  -0.076543   0.124600   0.160562  -0.074722   0.121635   0.164163   0.000970  0.493    6     10.294
00626  15.356466  -0.073490   0.110398  32283.151  33837.875     50   37    435.308    -47.947     93.230   0.621691  -0.062708   0.121930   0.760087  -0.230001   0.447218   0.716373  -0.072258   0.140499   0.793719  -0.240179   0.467007   0.110761   0.001311  0.716   11     10.239
00690  11.846792   0.389633   0.132250  39107.926  40096.042     37    7    469.182    -13.275     78.456   0.597750  -0.015488   0.091534   0.690655  -0.053686   0.317281   0.803440  -0.020818   0.123031   0.753483  -0.058570   0.346144   0.132494   0.001702  0.803    4      9.879
00754  36.994284   1.081273   0.128577  37960.620  38874.688     30   10    230.977    -63.945     64.346   0.337855  -0.085653   0.086190   0.124244  -0.094495   0.095088   0.456120  -0.115636   0.116361   0.134141  -0.102023   0.102662   0.128639   0.000708  0.456    9      9.598
00795  28.287159   1.051970   0.059203  16862.726  18733.731     51   32    420.748    -48.814     92.819   0.629442  -0.066874   0.127159   0.750355  -0.239160   0.454759   0.701314  -0.074510   0.141679   0.775688  -0.247235   0.470112   0.059440   0.001082  0.701   18      9.431
00821  27.558630   0.994545   0.141086  42088.463  42581.022     13    5    154.361    -29.898     35.706   0.213748  -0.037913   0.045278   0.031866  -0.016956   0.020250   0.344121  -0.061037   0.072894   0.035378  -0.018825   0.022482   0.141086   0.000653  0.344    4      9.346
00833  10.985793   1.014274   0.109253  31831.663  33649.605     52   20    623.250    -30.902     66.278   0.856090  -0.038870   0.083369   1.982446  -0.270034   0.579171   1.181808  -0.053659   0.115088   2.197077  -0.299269   0.641876   0.108943   0.002344  1.182   15      9.307
00840  10.100836   0.859704   0.125758  37303.475  38096.726     23    5    348.336    -24.864     55.576   0.468771  -0.030641   0.068490   0.330924  -0.064893   0.145050   0.656146  -0.042889   0.095867   0.362999  -0.071183   0.159109   0.125758   0.001263  0.656    5      9.282
00902 333.362095  -0.140570   0.090025  26148.498  27308.695     62   28    277.646   -111.848     91.444   0.404992  -0.149403   0.122149   0.205926  -0.227902   0.186327   0.622086  -0.229491   0.187626   0.230225  -0.254793   0.208313   0.090046   0.001040  0.622   10      9.058
00903 340.643308   1.098363   0.057574  17165.816  17397.556     50   13    113.679    -14.827     27.270   0.169227  -0.020212   0.037175   0.014559  -0.005217   0.009595   0.259844  -0.031035   0.057081   0.015911  -0.005701   0.010485   0.057666   0.000416  0.260    4      9.056
00920  13.998092   0.684477   0.066969  19215.797  20958.791     78   29    511.388    -34.468     61.807   0.742159  -0.045808   0.082141   1.239153  -0.229451   0.411443   0.930145  -0.057411   0.102947   1.329763  -0.246229   0.441528   0.067109   0.001656  0.930   20      9.015
00936   6.645935   1.210673   0.149675  44517.981  45500.101     27    8    294.779    -47.254     72.978   0.413360  -0.060681   0.093713   0.232503  -0.102393   0.158132   0.578026  -0.084853   0.131044   0.254298  -0.111992   0.172956   0.149675   0.001101  0.578    8      8.970
00943 326.567518   1.143199   0.090768  26584.396  27283.812     17    6    269.467   -222.913     60.632   0.379276  -0.287318   0.078151   0.169261  -0.384668   0.104630   0.504795  -0.382404   0.104014   0.182467  -0.414680   0.112793   0.090768   0.000184  0.505    5      8.944
00996  54.948106  -0.297654   0.127398  37199.148  39336.668     53   10    665.796    -61.418    127.617   0.886060  -0.074851   0.155527   2.238485  -0.567295   1.178743   1.247361  -0.105372   0.218945   2.498051  -0.633076   1.315425   0.127641   0.002544  1.247   10      8.779
00998   7.969680   0.311453   0.081503  24298.479  24971.513     42    7    253.025   -149.008     53.375   0.361196  -0.194790   0.069774   0.144871  -0.234383   0.083957   0.458216  -0.247112   0.088516   0.154184  -0.249451   0.089354   0.081503   0.000633  0.458    5      8.772
01036 335.726849   0.539672   0.163804  48261.189  49825.207     32    7    479.650    -61.422    108.848   0.632994  -0.074230   0.131545   0.847201  -0.298049   0.528180   0.888419  -0.104183   0.184626   0.936917  -0.329611   0.584113   0.163804   0.001907  0.888    7      8.696
01045 345.514290   0.226886   0.109168  32263.664  32940.895     27   10    184.124    -85.382     49.416   0.269312  -0.114364   0.066189   0.061712  -0.078619   0.045501   0.448048  -0.190265   0.110118   0.069414  -0.088430   0.051180   0.109222   0.000754  0.448    7      8.667
01081  31.836592  -1.010332   0.118057  35152.764  35655.516     17    5    225.693    -19.144     56.079   0.311862  -0.024224   0.070962   0.096685  -0.022530   0.066000   0.379225  -0.029456   0.086289   0.101637  -0.023684   0.069380   0.118057   0.000702  0.379    4      8.573
01102  26.632001  -0.662916   0.081932  23587.970  25527.927     63   30    530.312    -51.511     75.467   0.756439  -0.067285   0.098577   1.331231  -0.355236   0.520448   1.004732  -0.089370   0.130934   1.454109  -0.388026   0.568487   0.083043   0.001678  1.005   19      8.533
01118 339.577977  -0.991947   0.128799  37840.404  38713.699     30    7    220.838   -140.228     38.267   0.304413  -0.177011   0.048305   0.090902  -0.158573   0.043274   0.365315  -0.212425   0.057969   0.095224  -0.166114   0.045331   0.128799   0.000280  0.365    4      8.463
01278  18.414427   1.236702   0.121852  36174.157  36823.807     26    6    296.268    -10.941     36.365   0.412611  -0.013953   0.046379   0.224779  -0.022804   0.075798   0.576925  -0.019510   0.064848   0.245783  -0.024935   0.082880   0.121852   0.001110  0.577    6      8.107
01309 337.302598   0.148343   0.057288  16412.138  17729.726     78   53    455.974    -51.117     66.619   0.662236  -0.067985   0.088603   0.872258  -0.268637   0.350106   0.877166  -0.090049   0.117359   0.949220  -0.292340   0.380997   0.057745   0.001526  0.877   14      8.036
01335  13.566829  -0.668690   0.145486  43024.115  43922.593     54    5    205.370    -15.294     29.567   0.255967  -0.017455   0.033747   0.054970  -0.011246   0.021742   0.607970  -0.041460   0.080156   0.066179  -0.013539   0.026175   0.145696   0.001143  0.608    3      7.973
01365 356.223167   1.130585   0.059667  17505.481  18631.502     30   12    328.950    -47.023     77.305   0.484352  -0.063405   0.104235   0.342040  -0.134326   0.220826   0.689135  -0.090212   0.148306   0.376871  -0.148005   0.243314   0.059818   0.001194  0.689   11      7.906
01411  23.728664  -0.662548   0.081793  23023.161  25798.940    111   35    526.732    -44.566     76.781   0.752692  -0.058319   0.100475   1.311370  -0.304817   0.525155   1.046731  -0.081101   0.139725   1.451606  -0.337413   0.581314   0.081589   0.001896  1.047   26      7.804
01439  37.983632  -0.008885   0.178141  52765.571  53745.892     21    7    328.073    -51.278     71.929   0.445035  -0.063699   0.089352   0.298863  -0.128331   0.180014   0.622745  -0.089135   0.125033   0.327553  -0.140650   0.197295   0.178141   0.001323  0.623    7      7.756
01455  13.839709  -0.336492   0.146229  43274.142  44513.784     17    7    434.698    -39.217     97.873   0.580944  -0.047995   0.119780   0.643140  -0.159401   0.397812   0.759722  -0.062765   0.156641   0.695967  -0.172494   0.430488   0.146033   0.001547  0.760    6      7.728
01460  13.068186  -1.067475   0.134634  39700.316  40698.925     31   11    419.117    -27.565     85.095   0.552823  -0.033295   0.102785   0.547665  -0.098953   0.305479   0.567234  -0.034163   0.105465   0.551971  -0.099731   0.307881   0.134424   0.001053  0.567    4      7.716
01476   3.197967   0.747834   0.147834  44069.791  44827.367     40    8    333.005    -62.320     61.144   0.434547  -0.074472   0.073066   0.269606  -0.138614   0.135998   0.578022  -0.099061   0.097191   0.291458  -0.149849   0.147021   0.147852   0.001135  0.578    4      7.701
01532  43.636380   0.936762   0.066734  19275.756  20647.306     62   16    296.002    -34.031     64.030   0.444587  -0.046807   0.088069   0.266322  -0.084116   0.158269   0.621922  -0.065477   0.123197   0.291611  -0.092104   0.173297   0.066822   0.001049  0.622   16      7.588
01547  38.082990   1.082480   0.021887   5894.519   7531.386    100   63    297.351    -40.784     61.528   0.461649  -0.057984   0.087477   0.285840  -0.107706   0.162490   0.628335  -0.078920   0.119062   0.310962  -0.117172   0.176771   0.021788   0.000944  0.628   27      7.559
01559 340.826786   0.388621   0.058377  16811.761  18274.449     91   52    427.936    -39.371     67.891   0.645961  -0.054423   0.093846   0.810358  -0.204820   0.353191   0.652578  -0.054980   0.094808   0.812962  -0.205479   0.354326   0.058250   0.001060  0.653   18      7.529
01613  29.661537  -0.694848   0.189207  56346.292  57128.751     22    5    368.904    -12.656     46.266   0.466239  -0.014648   0.053547   0.347677  -0.032768   0.119790   0.629047  -0.019762   0.072245   0.377885  -0.035615   0.130198   0.188047   0.000143  0.629    4      7.452
01644   1.254696   0.964296   0.099912  28440.411  30276.340     77   29    258.869   -137.817     79.347   0.376003  -0.183312   0.105541   0.166412  -0.243392   0.140131   0.537110  -0.261857   0.150763   0.182502  -0.266925   0.153681   0.100042   0.000935  0.537    8      7.406
01652   4.167370  -0.453394   0.065502  17477.601  20726.152    143   75    629.726    -82.848    109.120   0.936926  -0.112879   0.148674   2.489652  -0.899845   1.185197   0.829820  -0.099975   0.131678   2.385515  -0.862206   1.135623   0.064933   0.001015  0.830   25      7.386
01661  41.305091   1.214887   0.075445  21569.768  23980.998     34   14    693.827    -70.775    113.264   0.955616  -0.089267   0.142857   2.667119  -0.747428   1.196142   1.346043  -0.125737   0.201223   2.981462  -0.835519   1.337118   0.075273   0.002517  1.346   14      7.379
01692 337.300439   0.416662   0.129022  38404.313  39010.194     33   13    208.444    -23.138     46.895   0.304049  -0.030907   0.062641   0.090596  -0.027627   0.055994   0.393246  -0.039974   0.081017   0.096634  -0.029469   0.059726   0.129158   0.000735  0.393    7      7.331
01774  29.781579   0.819615   0.135729  39572.604  40882.398     46   17    369.227   -203.940    112.588   0.515535  -0.260762   0.143957   0.444646  -0.674717   0.372487   0.699945  -0.354038   0.195452   0.484915  -0.735822   0.406222   0.135751   0.001095  0.700    9      7.173
01805 330.514876   0.124599   0.062946  18531.071  19273.357     29    5    250.060    -36.066     65.543   0.357765  -0.047253   0.085874   0.138277  -0.054790   0.099571   0.499595  -0.065986   0.119917   0.150616  -0.059679   0.108456   0.062667   0.000862  0.500    5      7.123
01829  29.347328   0.420018   0.135601  40380.845  41290.115     31   11    157.314    -18.242     43.356   0.212530  -0.022568   0.053639   0.031149  -0.009923   0.023584   0.521607  -0.055389   0.131645   0.037373  -0.011906   0.028297   0.135750   0.001011  0.522    4      7.091
01840  38.279170   1.084282   0.126826  37337.352  38222.639     29    7     92.763    -16.909     41.705   0.138144  -0.023060   0.056875   0.008478  -0.004246   0.010472   0.262397  -0.043801   0.108031   0.009573  -0.004794   0.011824   0.126873   0.000465  0.262    5      7.080
01857   1.878057  -0.799722   0.073194  21548.482  22177.747     68   34    226.323    -51.808     50.155   0.334481  -0.070116   0.067880   0.114119  -0.071767   0.069478   0.407987  -0.085525   0.082797   0.120139  -0.075553   0.073143   0.073334   0.000673  0.408    6      7.061
01962  16.421342  -0.797350   0.066684  19530.279  20611.931    116   65    317.815    -36.903     53.197   0.478411  -0.050870   0.073332   0.331833  -0.105853   0.152592   0.605616  -0.064396   0.092830   0.354524  -0.113091   0.163026   0.066575   0.001028  0.606   16      6.900
01970 340.013615  -0.858267   0.053991  15787.071  17211.685     79   26    379.044    -69.425     97.309   0.564964  -0.094759   0.132819   0.539888  -0.271660   0.380772   0.703636  -0.118018   0.165420   0.575723  -0.289692   0.406045   0.053812   0.001080  0.704   15      6.888
02071  20.068443  -0.087781   0.077828  23122.393  24548.505     80   53    378.129    -25.643     26.565   0.501512  -0.031145   0.032265   0.386403  -0.071988   0.074578   0.421304  -0.026164   0.027105   0.366191  -0.068223   0.070677   0.077746   0.000666  0.421    3      6.765
02088  33.793496   0.888440   0.122233  36371.421  36894.858     32    8    197.941    -41.914     41.147   0.275047  -0.053335   0.052359   0.066607  -0.038748   0.038039   0.351401  -0.068141   0.066894   0.070728  -0.041145   0.040392   0.122144   0.000652  0.351    4      6.749
02265  39.274071  -0.413919   0.186148  55151.619  56301.024     16    7    421.380    -32.803     78.865   0.553414  -0.039452   0.094850   0.579561  -0.123949   0.297994   0.719804  -0.051314   0.123368   0.625808  -0.133840   0.321773   0.186279   0.001527  0.720    6      6.525
02331  51.557676  -0.617894   0.037295  10438.474  11644.539    123   82    244.943    -48.991     67.154   0.381714  -0.069914   0.095835   0.163914  -0.090066   0.123459   0.507067  -0.092873   0.127306   0.176584  -0.097028   0.133002   0.036899   0.000789  0.507   17      6.440
02440 340.892160   0.068765   0.125670  37666.224  38339.858     11    6     44.146    -63.194     53.567   0.065052  -0.085275   0.072285   0.000884  -0.003477   0.002948   0.499509  -0.654797   0.555049   0.001144  -0.004501   0.003815   0.125670   0.000072  0.500    4      6.339
02644  11.527678   0.991613   0.107288  31266.555  33141.756     64   11    614.480    -32.870     69.889   0.835612  -0.040932   0.087032   1.839946  -0.270390   0.574914   1.175604  -0.057587   0.122444   2.049442  -0.301176   0.640373   0.106658   0.002487  1.176   11      6.123
02758 346.363081   0.796344   0.069590  20657.799  21046.330     30    9    127.566    -27.911     39.426   0.190265  -0.038122   0.053850   0.020932  -0.012582   0.017773   0.341418  -0.068408   0.096630   0.023629  -0.014203   0.020062   0.069695   0.000571  0.341    5      6.023
02780  24.322183  -0.432510   0.055616  16307.810  17166.716     64   44    156.120    -19.175     39.642   0.244441  -0.027493   0.056840   0.043796  -0.014778   0.030552   0.392241  -0.044117   0.091207   0.048733  -0.016444   0.033996   0.055946   0.000614  0.392   11      6.007
02856  30.699441   0.068143   0.077393  22626.536  23419.187     66   46    112.859    -71.474     27.668   0.162852  -0.094446   0.036561   0.013225  -0.023009   0.008907   0.367972  -0.213405   0.082611   0.015449  -0.026879   0.010405   0.077395   0.000618  0.368    4      5.950
02880   1.832717   0.486220   0.093506  27736.798  28620.287     41    7    348.072   -144.100     74.048   0.482999  -0.183113   0.094095   0.350510  -0.398652   0.204853   0.573557  -0.217445   0.111737   0.368124  -0.418685   0.215147   0.093313   0.000939  0.574    5      5.932
02916  30.505609  -1.068700   0.042764  12151.488  13458.883    116   91    299.552    -17.718     30.464   0.465118  -0.025193   0.043317   0.298070  -0.048434   0.083279   0.577757  -0.031294   0.053808   0.316668  -0.051456   0.088476   0.042712   0.000943  0.578   33      5.904
03061  32.166409   0.534853   0.067375  19908.018  20621.224     61   15    185.201    -23.893     47.369   0.279740  -0.033049   0.065522   0.066385  -0.023528   0.046646   0.441553  -0.052166   0.103422   0.073896  -0.026191   0.051925   0.067309   0.000733  0.442    8      5.792
03271   9.686769   0.094701   0.070919  20822.685  21404.882     81    8    112.001    -30.229     31.349   0.157539  -0.038937   0.040380   0.011897  -0.008822   0.009149   0.242284  -0.059883   0.062102   0.012986  -0.009628   0.009985   0.070957   0.000419  0.242    3      5.659
03361   3.646385  -0.009486   0.064515  18907.611  19782.405    135   77    194.513    -26.846     50.808   0.296722  -0.037502   0.070976   0.079006  -0.029956   0.056695   0.485646  -0.061380   0.116167   0.088779  -0.033662   0.063708   0.064600   0.000824  0.486   11      5.601
03415  46.637246   0.994834   0.152834  45517.189  46246.284     19    6    149.251    -17.280     36.519   0.211714  -0.022446   0.047438   0.031340  -0.009968   0.021067   0.345780  -0.036660   0.077477   0.034889  -0.011097   0.023452   0.152638   0.000669  0.346    5      5.566
03498  29.448194  -0.146074   0.134862  40045.677  40798.456     25    6    200.876    -24.815     74.459   0.271945  -0.030765   0.092310   0.065208  -0.022131   0.066403   0.446281  -0.050487   0.151487   0.073176  -0.024835   0.074517   0.135080   0.000837  0.446    4      5.526
03578  11.049940  -0.523564   0.110619  32819.779  33676.886     32    9    273.434    -22.410     63.002   0.379197  -0.028459   0.080010   0.172516  -0.038843   0.109201   0.528061  -0.039632   0.111420   0.188083  -0.042348   0.119055   0.110432   0.000968  0.528    5      5.480
03597  34.308206   0.272681   0.145855  43054.694  44710.448     26    5    346.445    -53.169     71.579   0.451939  -0.063516   0.085508   0.302675  -0.127615   0.171801   0.585908  -0.082344   0.110856   0.325256  -0.137135   0.184618   0.145918   0.000943  0.586    4      5.473
03599 326.799599   0.736240   0.123662  35786.825  37810.724     48   31    557.759    -43.672     79.543   0.771181  -0.055296   0.100714   1.470262  -0.316265   0.576036   1.060572  -0.076046   0.138508   1.623705  -0.349271   0.636153   0.123190   0.002086  1.061   17      5.471
03602  23.536840  -1.126301   0.078521  23292.075  24255.908     63    5    360.111    -62.008     99.517   0.494564  -0.077985   0.125159   0.370815  -0.175415   0.281525   0.692468  -0.109192   0.175242   0.407145  -0.192602   0.309107   0.078748   0.001215  0.692    5      5.470
03622  52.410016  -0.512878   0.086162  25507.841  26134.707     44   13    127.464    -14.311     40.628   0.181584  -0.018670   0.053002   0.018491  -0.005703   0.016192   0.387155  -0.039806   0.113005   0.021490  -0.006629   0.018818   0.086234   0.000662  0.387    4      5.460
03635  48.616776   0.241958   0.129585  38314.376  39603.183     63   33    267.405    -33.660     66.793   0.380438  -0.043853   0.087020   0.177574  -0.061407   0.121853   0.655486  -0.075558   0.149934   0.203581  -0.070400   0.139700   0.130262   0.001217  0.655   10      5.452
03637 344.907200   0.053564   0.109786  32315.828  33974.280     26   11    364.110    -13.580     69.382   0.497941  -0.017007   0.086890   0.390308  -0.039993   0.204325   0.454863  -0.015536   0.079373   0.379743  -0.038911   0.198794   0.109399   0.000800  0.455    4      5.450
03816  47.227162  -1.160097   0.126191  37699.201  37996.895     18    6    100.263    -15.012     41.155   0.143575  -0.019686   0.053968   0.009512  -0.003913   0.010726   0.295025  -0.040452   0.110896   0.010894  -0.004481   0.012285   0.126056   0.000543  0.295    4      5.351
03949   5.643853   0.260485   0.106426  31577.739  32095.481     25    8    181.499    -51.000     42.384   0.269224  -0.069276   0.057573   0.061484  -0.047463   0.039444   0.326167  -0.083929   0.069750   0.064456  -0.049757   0.041351   0.106446   0.000559  0.326    6      5.289
04001   3.892079   1.140625   0.152035  45402.369  45760.920     18    6    183.502    -18.751     19.763   0.242389  -0.022681   0.023905   0.046993  -0.013192   0.013904   0.273720  -0.025613   0.026995   0.048408  -0.013589   0.014323   0.152035   0.000512  0.274    3      5.270
04484  11.592736   0.378587   0.111830  33181.929  34073.811     72    5    255.804    -29.387     26.191   0.328199  -0.034528   0.030773   0.111988  -0.035345   0.031501   0.479102  -0.050403   0.044922   0.123063  -0.038840   0.034616   0.111339   0.000793  0.479    3      5.054
