# id      ra          dec        z         zerr       sn     rich  rich-err R200 R200-err
00001 323.369000  -0.823484   0.090000   0.000000    79.249   0.00   0.00   0.15   0.10
00006 351.526250   1.201108   0.185000   0.005000    35.678   0.00   0.00   0.15   0.10
00013  53.529240  -1.236897   0.155000   0.000000    30.937   6.17   2.48   0.49   0.20
00017  55.367530  -1.227603   0.147000   0.002000    30.568   0.00   0.00   0.15   0.10
00020   5.760180  -0.124987   0.151000   0.001000    29.114  19.62   4.43   1.18   0.27
00030  43.206608  -1.283111   0.125000   0.005000    25.418   4.96   2.23   0.41   0.18
00033  11.572113   0.021620   0.115000   0.000000    25.098  19.75   4.44   1.19   0.27
00038  49.375317   1.259800   0.190000   0.000000    23.281   3.12   1.77   0.29   0.16
00043 323.940640   0.154979   0.138000   0.008000    22.722   0.00   0.00   0.15   0.10
00045 352.086180   1.211685   0.183300   0.001700    22.592   0.00   0.00   0.15   0.10
00057 328.600900   0.623854   0.230000   0.000000    21.128   9.41   3.07   0.67   0.22
00059 327.410130   1.295728   0.130000   0.000000    20.507   3.53   1.88   0.32   0.17
00071 355.258060   0.071454   0.200000   0.005000    19.950   7.88   2.81   0.59   0.21
00074   7.337235  -0.194921   0.060000   0.000000    19.728  23.16   4.81   1.35   0.28
00078  29.081161   1.062558   0.092300   0.007700    19.484  20.25   4.50   1.21   0.27
00079  18.797304   0.269431   0.050000   0.000000    19.453  28.48   5.34   1.58   0.30
00080 326.777370  -1.290179   0.025000   0.000000    19.299   5.76   2.40   0.46   0.19
00091 326.442930  -1.288902   0.201000   0.006000    18.780   2.42   1.56   0.24   0.15
00093   5.063463   0.061664   0.197400   0.002600    18.758   9.84   3.14   0.70   0.22
00102  41.479164  -0.702529   0.191000   0.006000    18.306  10.32   3.21   0.72   0.22
00104 336.054440   0.334731   0.193250   0.001750    18.187   8.77   2.96   0.64   0.22
00112  41.540253  -0.039460   0.165600   0.004400    17.919   0.91   0.95   0.11   0.12
00116  11.863458  -0.886296   0.126000   0.001000    17.791  15.63   3.95   0.99   0.25
00126  46.114174  -1.271132   0.205000   0.000000    17.448   2.45   1.57   0.24   0.15
00136  22.871485   0.544271   0.085000   0.000000    17.158  14.69   3.83   0.95   0.25
00141   5.420261  -0.864949   0.110000   0.000000    17.049  14.80   3.85   0.95   0.25
00143  46.097046   1.037803   0.130000   0.010000    16.954   8.28   2.88   0.61   0.21
00145  47.176834   1.269650   0.055000   0.000000    16.817   1.44   1.20   0.16   0.13
00147  41.287502  -1.290566   0.155000   0.000000    16.811   3.04   1.74   0.28   0.16
00148  15.678260   1.132530   0.142100   0.002900    16.744  13.24   3.64   0.87   0.24
00158 353.835140   1.054119   0.100000   0.000000    16.478  12.38   3.52   0.83   0.24
00162  50.620758  -1.250951   0.066000   0.001000    16.403   0.85   0.92   0.11   0.11
00163  46.602486  -0.125813   0.110000   0.000000    16.390  21.63   4.65   1.28   0.27
00164  44.745895   1.279998   0.202000   0.002000    16.363   2.30   1.52   0.23   0.15
00168  11.479209  -0.859881   0.102000   0.008000    16.269  19.61   4.43   1.18   0.27
00171  44.891663  -1.276269   0.070000   0.000000    16.093   2.52   1.59   0.24   0.15
00175  29.496052  -0.710502   0.200000   0.000000    15.974   3.93   1.98   0.34   0.17
00185 327.599730   1.296437   0.205000   0.000000    15.728   0.92   0.96   0.11   0.12
00191  50.583538   0.439490   0.143500   0.003500    15.589   8.46   2.91   0.62   0.21
00193   7.604177  -0.654694   0.205000   0.010000    15.514   1.45   1.21   0.16   0.13
00203  32.535040  -1.032358   0.180000   0.005000    15.250  12.50   3.54   0.84   0.24
00215  59.659750  -1.204676   0.037000   0.003000    14.914   0.91   0.95   0.11   0.12
00217 326.175100   1.291025   0.205000   0.005000    14.780   0.00   0.00   0.15   0.10
00219 352.528500  -1.238701   0.110000   0.000000    14.763   0.41   0.64   0.06   0.09
00223 325.518830  -1.285318   0.185000   0.000000    14.698   0.98   0.99   0.12   0.12
00224  46.014233   1.274670   0.069000   0.004000    14.675   3.08   1.76   0.28   0.16
00226   0.676177  -0.518106   0.219100   0.005900    14.627   8.38   2.89   0.61   0.21
00244  13.294037  -0.799085   0.142500   0.002500    14.194  11.97   3.46   0.81   0.23
00255  56.342518   1.010048   0.200000   0.000000    14.033   7.83   2.80   0.58   0.21
00265 344.561920   0.510832   0.229500   0.004500    13.845   2.98   1.73   0.28   0.16
00266  33.557472  -0.182138   0.142500   0.007500    13.814  10.74   3.28   0.74   0.23
00270   8.568288   0.837699   0.198000   0.008000    13.745   7.81   2.80   0.58   0.21
00273 353.346130  -1.146634   0.115000   0.000000    13.737  20.12   4.49   1.21   0.27
00274  47.847880   1.266693   0.085000   0.000000    13.731   2.51   1.58   0.24   0.15
00276   5.216805   0.148326   0.209600   0.005400    13.634   4.79   2.19   0.40   0.18
00278 323.911300  -1.278884   0.071000   0.001000    13.612   0.00   0.00   0.15   0.10
00279   9.435396   0.031632   0.228000   0.007000    13.588   0.85   0.92   0.11   0.11
00280 327.361000  -1.292380   0.065000   0.005000    13.553   6.50   2.55   0.51   0.20
00281 328.735400   0.916288   0.195000   0.000000    13.540   5.12   2.26   0.42   0.19
00298  11.011013   0.114790   0.195000   0.000000    13.379   7.38   2.72   0.56   0.21
00302  40.813652  -1.023430   0.227000   0.008000    13.342   4.15   2.04   0.36   0.18
00323  20.240807  -0.539593   0.095000   0.000000    13.079  10.22   3.20   0.72   0.22
00326   7.217209   0.311551   0.195000   0.000000    13.068   4.56   2.13   0.38   0.18
00328  46.850800  -1.267967   0.081000   0.006000    13.056   2.24   1.50   0.22   0.15
00334   7.621027  -0.927901   0.225000   0.000000    12.985   4.94   2.22   0.41   0.18
00339  54.548030   1.234801   0.200000   0.000000    12.914   0.00   0.00   0.15   0.10
00345 359.471340   1.267332   0.213000   0.003000    12.806   8.83   2.97   0.64   0.22
00346  38.477566   0.078016   0.188000   0.007000    12.779   4.45   2.11   0.38   0.18
00348  20.462564  -0.186413   0.194000   0.006000    12.775   5.46   2.34   0.44   0.19
00350  29.867163  -0.108852   0.150000   0.000000    12.737  11.74   3.43   0.80   0.23
00358   3.200099   0.304991   0.140000   0.000000    12.674   7.12   2.67   0.54   0.20
00371   7.897488   0.018323   0.225000   0.000000    12.473   1.99   1.41   0.20   0.14
00382 338.791530  -1.130255   0.108000   0.003000    12.376  28.47   5.34   1.58   0.30
00388  48.902504   1.261957   0.130000   0.005000    12.322   1.92   1.39   0.20   0.14
00392  36.985340  -1.146104   0.067000   0.003000    12.239  13.67   3.70   0.90   0.24
00408  26.411219   0.188040   0.210000   0.000000    12.018   3.00   1.73   0.28   0.16
00410 350.603880   1.087450   0.135000   0.000000    11.996  13.30   3.65   0.88   0.24
00413  44.883694   0.254628   0.225000   0.000000    11.990   5.15   2.27   0.42   0.19
00419  13.337052  -0.450196   0.170000   0.000000    11.871   2.42   1.56   0.24   0.15
00420  41.587307  -0.531856   0.055000   0.000000    11.870   8.23   2.87   0.61   0.21
00421   4.203468  -1.135018   0.165000   0.000000    11.860  12.77   3.57   0.85   0.24
00424  50.771084   0.775841   0.165000   0.000000    11.841   5.61   2.37   0.45   0.19
00427  10.891608   1.026533   0.178500   0.006500    11.799   8.57   2.93   0.63   0.21
00428  11.155279  -0.913268   0.186000   0.009000    11.798   4.78   2.19   0.40   0.18
00430  32.794420  -1.209382   0.180000   0.000000    11.786  10.06   3.17   0.71   0.22
00431 332.316000   1.213523   0.155000   0.000000    11.779   9.17   3.03   0.66   0.22
00448 351.102230   0.312981   0.147800   0.002200    11.616  11.73   3.42   0.80   0.23
00457  30.346746  -0.459334   0.155000   0.000000    11.521   8.10   2.85   0.60   0.21
00497  45.685955   1.276064   0.170000   0.000000    11.053   2.72   1.65   0.26   0.16
00500  42.009430   1.290957   0.177550   0.002550    11.033   1.42   1.19   0.16   0.13
00502  19.658070  -0.160176   0.095000   0.000000    11.029   8.94   2.99   0.65   0.22
00505  48.653790   1.263084   0.220000   0.000000    10.995   0.67   0.82   0.09   0.11
00510  18.623524  -0.808455   0.164000   0.006000    10.963   7.78   2.79   0.58   0.21
00536  38.851246  -1.299508   0.172000   0.002000    10.833   0.80   0.90   0.10   0.11
00538  27.949629   1.208337   0.100000   0.000000    10.828   9.98   3.16   0.70   0.22
00543  49.776577   1.257952   0.129000   0.004000    10.785   0.82   0.90   0.10   0.11
00544  46.704086   1.271707   0.134000   0.001000    10.774   1.16   1.08   0.13   0.12
00552 358.176670   1.106879   0.205000   0.000000    10.747   3.30   1.82   0.30   0.17
00553 328.038270  -1.294892   0.165800   0.000800    10.744   3.73   1.93   0.33   0.17
00557  11.598855  -0.144688   0.225000   0.000000    10.702   2.50   1.58   0.24   0.15
00559 326.359560  -0.805941   0.175000   0.000000    10.682  12.96   3.60   0.86   0.24
00562 329.382230  -0.902012   0.205000   0.000000    10.671   9.43   3.07   0.67   0.22
00565 325.628270   1.288895   0.135000   0.005000    10.659   1.48   1.22   0.16   0.13
00568   9.085155   0.451238   0.215000   0.000000    10.629   2.93   1.71   0.27   0.16
00574 330.123930  -0.569066   0.105000   0.000000    10.576  11.92   3.45   0.81   0.23
00586 331.254940  -0.583543   0.132000   0.008000    10.502   5.93   2.43   0.47   0.19
00590  20.059248  -0.645347   0.229000   0.004000    10.482   2.43   1.56   0.24   0.15
00594   9.989918  -0.877175   0.110000   0.000000    10.463   8.34   2.89   0.61   0.21
00595 359.992370   0.694561   0.095000   0.000000    10.459  11.96   3.46   0.81   0.23
00619  30.141788   0.576437   0.156000   0.001000    10.294   7.47   2.73   0.56   0.21
00621 324.287350  -1.280412   0.150000   0.005000    10.267   0.00   0.00   0.15   0.10
00626  15.365007  -0.077954   0.125000   0.000000    10.239   8.83   2.97   0.64   0.22
00629 358.824920  -0.164826   0.216800   0.003200    10.196   4.27   2.07   0.37   0.18
00632  55.156887   1.231692   0.142800   0.002200    10.169   2.28   1.51   0.23   0.15
00641  46.110645   1.274259   0.210000   0.000000    10.120   2.05   1.43   0.21   0.15
00649  17.673704   1.060845   0.185000   0.000000    10.075   9.75   3.12   0.69   0.22
00669   2.206446  -1.088204   0.151200   0.006200     9.994   2.68   1.64   0.26   0.16
00675  43.961147   1.283215   0.152900   0.002900     9.944   0.00   0.00   0.15   0.10
00676  42.545660  -1.285719   0.160000   0.010000     9.939   5.37   2.32   0.44   0.19
00677  14.349050  -1.263274   0.225000   0.000000     9.937   2.84   1.69   0.27   0.16
00688 344.006620  -0.638412   0.130000   0.000000     9.896  13.14   3.63   0.87   0.24
00690  11.832817   0.380795   0.130000   0.000000     9.879   9.26   3.04   0.66   0.22
00696   5.767032   0.988239   0.230000   0.000000     9.850   2.72   1.65   0.26   0.16
00698  53.510937   1.240016   0.177000   0.002000     9.843   0.92   0.96   0.11   0.12
00699   0.692940  -0.201578   0.210000   0.000000     9.843   1.16   1.08   0.13   0.12
00700 336.001040   0.819761   0.205000   0.000000     9.839   2.40   1.55   0.24   0.15
00723   0.836041   0.911310   0.190000   0.000000     9.715   7.05   2.66   0.54   0.20
00725  18.018621  -0.729577   0.195000   0.000000     9.708   3.90   1.98   0.34   0.17
00736  53.010070  -0.784322   0.170900   0.000900     9.670   6.76   2.60   0.52   0.20
00740  23.763021  -1.147883   0.170000   0.000000     9.644   6.29   2.51   0.49   0.20
00744  45.756110  -0.191593   0.219000   0.009000     9.637   7.44   2.73   0.56   0.21
00753  20.649030  -0.819701   0.200000   0.000000     9.599   6.26   2.50   0.49   0.20
00754  36.984825   1.088558   0.135000   0.000000     9.598   9.68   3.11   0.69   0.22
00758  19.857529  -0.734656   0.230000   0.000000     9.582   2.43   1.56   0.24   0.15
00768 325.903600  -1.286820   0.075000   0.000000     9.554   1.53   1.24   0.17   0.13
00769  26.951700   0.191130   0.225000   0.000000     9.552   1.57   1.25   0.17   0.14
00771  54.282776  -1.233126   0.205000   0.000000     9.549   0.00   0.00   0.15   0.10
00774  55.559950   1.229615   0.193100   0.001900     9.538   0.55   0.74   0.08   0.10
00776  59.558086   1.208190   0.227000   0.002000     9.529   0.49   0.70   0.07   0.10
00783   9.779188  -0.301294   0.180000   0.000000     9.488   2.17   1.47   0.22   0.15
00787 329.451300   0.997654   0.170000   0.000000     9.469   3.71   1.93   0.33   0.17
00795  28.262281   1.064214   0.065000   0.000000     9.431  14.90   3.86   0.96   0.25
00798  36.307423  -1.071224   0.209100   0.005900     9.418   2.88   1.70   0.27   0.16
00801 340.922450   0.334712   0.216400   0.001400     9.405   1.36   1.17   0.15   0.13
00804  27.814322  -0.768234   0.205000   0.000000     9.394   0.92   0.96   0.11   0.12
00808  10.466915   0.474265   0.155000   0.000000     9.382   5.36   2.31   0.44   0.19
00812 329.471700  -0.545790   0.146000   0.009000     9.364   8.08   2.84   0.60   0.21
00815  57.598690   0.831916   0.215000   0.000000     9.354   4.96   2.23   0.41   0.18
00821  27.556526   0.980739   0.150000   0.000000     9.346   8.41   2.90   0.62   0.21
00823   6.400439   0.788178   0.196100   0.008900     9.343   2.57   1.60   0.25   0.15
00828  40.594550  -0.859461   0.230000   0.000000     9.312   1.33   1.15   0.15   0.13
00829 324.241200   1.283359   0.135000   0.000000     9.311   0.00   0.00   0.15   0.10
00833  10.991811   1.033134   0.115000   0.000000     9.307   7.12   2.67   0.54   0.20
00840  10.093376   0.857161   0.115000   0.000000     9.282   7.13   2.67   0.54   0.20
00853  42.400180   0.077144   0.230000   0.000000     9.222   3.31   1.82   0.30   0.17
00866 339.569580   0.483718   0.202000   0.002000     9.181   4.48   2.12   0.38   0.18
00875 326.667940   0.456220   0.230000   0.000000     9.145   0.00   0.00   0.15   0.10
00885  28.345411   0.627342   0.140000   0.000000     9.109  10.19   3.19   0.71   0.22
00888   4.616787  -0.181665   0.205000   0.000000     9.096   3.49   1.87   0.31   0.17
00889  56.724926   1.223525   0.154700   0.000300     9.093   1.45   1.20   0.16   0.13
00890 325.547100  -1.285429   0.080000   0.000000     9.089   2.99   1.73   0.28   0.16
00892 327.055200   1.294392   0.124000   0.004000     9.087   0.95   0.97   0.11   0.12
00897  14.059792  -0.599391   0.120000   0.005000     9.073  11.04   3.32   0.76   0.23
00902 333.346100  -0.152671   0.100000   0.000000     9.058   8.11   2.85   0.60   0.21
00903 340.664120   1.104870   0.065000   0.000000     9.056   6.95   2.64   0.53   0.20
00904  53.896580   1.238089   0.130000   0.000000     9.056   1.07   1.03   0.13   0.12
00905 328.930150   0.538625   0.200000   0.000000     9.053   4.77   2.19   0.40   0.18
00920  13.989635   0.675804   0.075000   0.000000     9.015  11.80   3.43   0.80   0.23
00921 328.592040   0.074606   0.170000   0.000000     9.006   4.90   2.21   0.41   0.18
00922   1.206369  -0.584818   0.080000   0.000000     9.006   0.76   0.87   0.10   0.11
00926 348.323820   0.004953   0.224000   0.009000     8.996   1.85   1.36   0.19   0.14
00936   6.634098   1.224720   0.160000   0.000000     8.970   4.76   2.18   0.40   0.18
00939  43.337580   1.285729   0.169100   0.004100     8.951   0.00   0.00   0.15   0.10
00941  31.379950   0.876216   0.230000   0.000000     8.949   3.30   1.82   0.30   0.17
00943 326.518280   1.166104   0.090000   0.000000     8.944   2.11   1.45   0.21   0.15
00952  33.175790   0.495267   0.175000   0.000000     8.919   5.56   2.36   0.45   0.19
00956  44.340847   1.281666   0.184100   0.000900     8.899   0.38   0.62   0.06   0.09
00961  50.991173  -1.249206   0.183000   0.002000     8.888   1.61   1.27   0.17   0.14
00965  28.263367  -0.562249   0.150000   0.000000     8.882   4.56   2.14   0.39   0.18
00967   6.753701  -0.171620   0.210000   0.000000     8.877   4.49   2.12   0.38   0.18
00972   4.803516  -0.861658   0.225000   0.000000     8.865   0.67   0.82   0.09   0.11
00978  31.677814   1.267376   0.125000   0.000000     8.846   4.69   2.17   0.39   0.18
00982 330.262540   0.719171   0.220000   0.000000     8.837   1.59   1.26   0.17   0.14
00994   5.923700  -0.901560   0.050000   0.000000     8.784  10.44   3.23   0.73   0.23
00996  54.940502  -0.299536   0.135000   0.000000     8.779   8.18   2.86   0.60   0.21
00998   7.967565   0.291499   0.090000   0.000000     8.772   7.22   2.69   0.55   0.20
01005 328.493740  -1.296556   0.210000   0.000000     8.764   0.00   0.00   0.15   0.10
01014  25.484100  -1.128386   0.171000   0.004000     8.744   6.15   2.48   0.48   0.20
01019  15.318544   0.582193   0.190000   0.000000     8.735   3.47   1.86   0.31   0.17
01029  21.483322   1.243881   0.205000   0.000000     8.717   4.07   2.02   0.35   0.17
01033  10.827445  -0.364369   0.150000   0.000000     8.706   5.81   2.41   0.46   0.19
01036 335.723850   0.547788   0.165000   0.010000     8.696   9.64   3.11   0.69   0.22
01040  20.624413   0.361205   0.200000   0.000000     8.683   3.67   1.92   0.33   0.17
01045 345.522300   0.205606   0.108000   0.007000     8.667  10.96   3.31   0.76   0.23
01050  54.986942  -1.229553   0.167000   0.002000     8.656   0.00   0.00   0.15   0.10
01053   4.626821  -0.754997   0.200000   0.000000     8.645   5.62   2.37   0.45   0.19
01059 354.755950   0.715960   0.225000   0.000000     8.632   3.54   1.88   0.32   0.17
01063   7.177162  -0.081637   0.210000   0.000000     8.615   7.59   2.76   0.57   0.21
01066  51.562340  -1.246489   0.218000   0.003000     8.613   0.50   0.71   0.07   0.10
01069  21.470648   0.528855   0.115000   0.000000     8.604   7.69   2.77   0.58   0.21
01081  31.809778  -1.008103   0.136000   0.006000     8.573   3.19   1.79   0.29   0.16
01086 325.730680  -1.286147   0.124000   0.001000     8.565   4.89   2.21   0.41   0.18
01095  19.641254   0.170087   0.209000   0.004000     8.545   1.69   1.30   0.18   0.14
01102  26.639938  -0.652162   0.083000   0.003000     8.533   8.68   2.95   0.63   0.21
01113  40.668476   0.007912   0.085000   0.000000     8.481   0.97   0.98   0.12   0.12
01118 339.567350  -1.001646   0.135000   0.000000     8.463  12.46   3.53   0.83   0.24
01121  47.837204  -0.570715   0.223000   0.003000     8.459   1.60   1.26   0.17   0.14
01130  19.805382  -1.213512   0.130000   0.000000     8.443   5.35   2.31   0.44   0.19
01131  57.809814   1.217741   0.213100   0.003100     8.442   0.77   0.88   0.10   0.11
01137 352.250370  -1.238393   0.149250   0.000750     8.429   1.32   1.15   0.15   0.13
01144   0.619398   0.694687   0.195000   0.000000     8.409   3.85   1.96   0.34   0.17
01157 328.988680   1.148954   0.220000   0.000000     8.382   3.61   1.90   0.32   0.17
01171  18.244423   1.000657   0.115000   0.000000     8.352   1.32   1.15   0.15   0.13
01180 324.769130   1.285488   0.165000   0.000000     8.324   0.00   0.00   0.15   0.10
01182  26.215190   0.649368   0.195000   0.000000     8.317   3.87   1.97   0.34   0.17
01187  44.590640   0.677051   0.175000   0.000000     8.308   7.61   2.76   0.57   0.21
01197 329.439970   0.609387   0.110000   0.000000     8.282   1.79   1.34   0.19   0.14
01206 324.946040   0.456988   0.155000   0.000000     8.264   0.00   0.00   0.15   0.10
01209   7.597836  -1.117825   0.225000   0.000000     8.255   2.30   1.52   0.23   0.15
01220   5.730239   0.591608   0.208500   0.003500     8.224   1.42   1.19   0.16   0.13
01233 352.493230  -0.588646   0.185000   0.000000     8.204   3.24   1.80   0.30   0.16
01241  39.502396   0.493772   0.205000   0.005000     8.190   0.00   0.00   0.15   0.10
01244  42.284473  -1.286738   0.217000   0.003000     8.185   0.64   0.80   0.09   0.11
01266 336.225980  -0.412504   0.150000   0.005000     8.124  10.88   3.30   0.75   0.23
01271  55.079310   1.232090   0.195000   0.000000     8.119   1.34   1.16   0.15   0.13
01276  26.246397  -0.816168   0.191000   0.006000     8.108   3.05   1.75   0.28   0.16
01278  18.396500   1.241941   0.120000   0.000000     8.107  10.37   3.22   0.72   0.23
01286  25.822650   0.973888   0.188400   0.006600     8.086   1.56   1.25   0.17   0.13
01292 330.306340  -0.170642   0.195000   0.000000     8.070   2.95   1.72   0.28   0.16
01293  18.527405  -1.205384   0.220000   0.000000     8.068   3.95   1.99   0.34   0.17
01309 337.272830   0.095654   0.050000   0.000000     8.036   2.60   1.61   0.25   0.15
01324  50.646164  -1.250832   0.188000   0.003000     7.999   0.84   0.92   0.10   0.11
01328  15.279060  -0.943822   0.175000   0.000000     7.980   4.81   2.19   0.40   0.18
01334  26.282072  -0.125933   0.195000   0.000000     7.973   1.35   1.16   0.15   0.13
01335  13.564713  -0.642797   0.140000   0.005000     7.973   4.61   2.15   0.39   0.18
01355  39.599712   0.296817   0.225000   0.000000     7.923   3.57   1.89   0.32   0.17
01364  10.721294  -1.026622   0.206000   0.004000     7.907   2.52   1.59   0.24   0.15
01365 356.216060   1.158950   0.065000   0.000000     7.906   9.73   3.12   0.69   0.22
01372  41.435314   1.293163   0.223900   0.003900     7.886   0.34   0.58   0.05   0.09
01379   7.504432   1.101193   0.219000   0.006000     7.877   0.92   0.96   0.11   0.12
01385  55.291725   0.828166   0.220000   0.000000     7.868   2.24   1.50   0.22   0.15
01390  25.535686   0.443776   0.205000   0.000000     7.861   4.96   2.23   0.41   0.18
01403  32.806713   0.169531   0.210000   0.000000     7.831   3.56   1.89   0.32   0.17
01407  46.671840  -1.268741   0.143400   0.006600     7.812   0.78   0.88   0.10   0.11
01408  31.113705   0.303036   0.210000   0.000000     7.810   1.84   1.36   0.19   0.14
01411  23.737371  -0.678238   0.080000   0.000000     7.804  11.83   3.44   0.80   0.23
01424  37.698112  -0.579159   0.175000   0.000000     7.780   0.95   0.98   0.12   0.12
01428  20.513224  -0.331563   0.230000   0.000000     7.775   1.77   1.33   0.19   0.14
01432  23.234493   0.958141   0.130000   0.000000     7.765   9.44   3.07   0.67   0.22
01439  37.985870  -0.011160   0.181000   0.001000     7.756   5.93   2.43   0.47   0.19
01441   4.296801   0.828339   0.200000   0.000000     7.753   2.76   1.66   0.26   0.16
01448  23.229860  -0.596578   0.105000   0.000000     7.748   6.59   2.57   0.51   0.20
01449 348.135300   0.153501   0.130000   0.000000     7.745   8.08   2.84   0.60   0.21
01455  13.832011  -0.353717   0.163000   0.003000     7.728   7.96   2.82   0.59   0.21
01460  13.087220  -1.068376   0.140000   0.000000     7.716   4.13   2.03   0.36   0.18
01463  42.828102  -0.938680   0.165000   0.000000     7.712   3.93   1.98   0.34   0.17
01470 324.932000   0.956348   0.209500   0.005500     7.708   0.00   0.00   0.15   0.10
01476   3.203387   0.734983   0.145000   0.000000     7.701   5.10   2.26   0.42   0.19
01478 333.299700  -0.641153   0.230000   0.000000     7.700   3.49   1.87   0.31   0.17
01493  40.149693   1.297985   0.227200   0.002200     7.676   0.00   0.00   0.15   0.10
01495 326.365200   0.440038   0.183700   0.001300     7.672   3.86   1.96   0.34   0.17
01498  36.465294   1.256474   0.200000   0.000000     7.666   1.51   1.23   0.16   0.13
01501  31.367330   0.221892   0.190000   0.000000     7.661   5.61   2.37   0.45   0.19
01503  40.347073   0.568625   0.215000   0.000000     7.658   0.00   0.00   0.15   0.10
01507  50.168427  -1.053669   0.205000   0.000000     7.651   7.11   2.67   0.54   0.20
01518   5.703582  -0.648272   0.160000   0.000000     7.634   4.52   2.13   0.38   0.18
01532  43.638416   0.945734   0.075000   0.000000     7.588   9.11   3.02   0.66   0.22
01543 341.105530   0.586347   0.172000   0.008000     7.572   4.19   2.05   0.36   0.18
01547  38.098606   1.066256   0.030000   0.000000     7.559   8.42   2.90   0.62   0.21
01549   8.051108  -0.661274   0.222000   0.002000     7.549   1.73   1.32   0.18   0.14
01557 325.094670   1.286787   0.166000   0.006000     7.534   2.89   1.70   0.27   0.16
01559 340.850920   0.367320   0.060000   0.000000     7.529   7.41   2.72   0.56   0.21
01561 345.477570  -0.649678   0.206500   0.001500     7.527   6.33   2.52   0.50   0.20
01562  33.048230  -0.446998   0.135000   0.000000     7.527   4.57   2.14   0.39   0.18
01576 345.228420   0.172636   0.060000   0.000000     7.501   0.83   0.91   0.10   0.11
01582   5.356819  -0.244985   0.153000   0.007000     7.498   6.31   2.51   0.49   0.20
01607  25.384647  -0.918903   0.220300   0.000300     7.456   3.36   1.83   0.30   0.17
01611  32.954597  -0.001614   0.195000   0.000000     7.454   3.37   1.83   0.30   0.17
01613  29.663399  -0.681011   0.195000   0.000000     7.452   3.94   1.99   0.34   0.17
01644   1.252855   0.974714   0.105000   0.000000     7.406   8.30   2.88   0.61   0.21
01652   4.190120  -0.471668   0.065000   0.000000     7.386  13.53   3.68   0.89   0.24
01660   6.950426   0.171613   0.230000   0.000000     7.379   1.65   1.28   0.18   0.14
01661  41.290325   1.230526   0.090000   0.000000     7.379  10.63   3.26   0.74   0.23
01686  28.263115  -0.477504   0.205000   0.000000     7.344   2.47   1.57   0.24   0.15
01689 337.991150   0.495214   0.225000   0.000000     7.336   1.81   1.34   0.19   0.14
01692 337.296300   0.413442   0.138000   0.008000     7.331   7.27   2.70   0.55   0.20
01699 325.960940   0.845938   0.220000   0.000000     7.318   1.40   1.18   0.16   0.13
01700 328.613300   1.249362   0.125000   0.005000     7.318   8.23   2.87   0.61   0.21
01702  40.320790  -1.230818   0.085000   0.005000     7.317   0.74   0.86   0.09   0.11
01704  41.833180  -1.288483   0.200000   0.000000     7.313   2.34   1.53   0.23   0.15
01706  35.047478   0.734035   0.205000   0.000000     7.310   0.45   0.67   0.06   0.10
01718  15.992783  -0.953174   0.215000   0.000000     7.282   3.50   1.87   0.31   0.17
01757 344.329470  -1.141185   0.200000   0.000000     7.213  11.36   3.37   0.78   0.23
01761   8.564908  -0.784406   0.115000   0.000000     7.202   1.14   1.07   0.13   0.12
01773   9.315354   0.381270   0.220000   0.000000     7.174   1.58   1.26   0.17   0.14
01774  29.780420   0.849850   0.145000   0.000000     7.173   6.66   2.58   0.52   0.20
01781   8.034619  -0.924460   0.160000   0.000000     7.166   0.60   0.78   0.08   0.10
01783  28.634735   0.441341   0.230000   0.000000     7.163   0.83   0.91   0.10   0.11
01805 330.473600   0.068606   0.075000   0.000000     7.123   9.93   3.15   0.70   0.22
01807 344.521730   0.293997   0.125000   0.000000     7.121   5.61   2.37   0.45   0.19
01813  27.335670  -1.056227   0.148000   0.007000     7.112   5.36   2.31   0.44   0.19
01816  46.439350  -1.269741   0.115000   0.000000     7.106   0.24   0.49   0.04   0.08
01829  29.344707   0.408211   0.139000   0.006000     7.091   8.13   2.85   0.60   0.21
01836  35.970764   1.046486   0.165000   0.000000     7.082   2.54   1.59   0.25   0.15
01839  35.991802   1.075277   0.215000   0.000000     7.080   0.89   0.94   0.11   0.12
01840  38.262722   1.091279   0.130000   0.000000     7.080   4.50   2.12   0.38   0.18
01841  26.170270   0.354970   0.075000   0.000000     7.078   6.83   2.61   0.53   0.20
01849   6.130511  -1.104841   0.153500   0.008500     7.067   4.56   2.13   0.38   0.18
01850 345.697300   0.570908   0.175000   0.000000     7.067   4.44   2.11   0.38   0.18
01857   1.883151  -0.808191   0.081000   0.004000     7.061   4.67   2.16   0.39   0.18
01858 349.384600  -1.062878   0.195000   0.000000     7.061   3.70   1.92   0.33   0.17
01870  16.069690  -0.880172   0.070000   0.000000     7.041   7.97   2.82   0.59   0.21
01876  50.156204  -1.222443   0.190000   0.000000     7.037   5.95   2.44   0.47   0.19
01886 343.405600  -1.018210   0.150000   0.000000     7.016   4.65   2.16   0.39   0.18
01888  43.750683   1.177449   0.175000   0.000000     7.015   6.42   2.53   0.50   0.20
01891  27.499410  -0.053856   0.185000   0.005000     7.009   4.01   2.00   0.35   0.17
01896 343.470900   0.814976   0.215000   0.000000     7.005   1.85   1.36   0.19   0.14
01902  35.955246   0.815740   0.220000   0.000000     6.992   0.89   0.95   0.11   0.12
01906  57.485527   0.055091   0.155000   0.000000     6.984   5.49   2.34   0.44   0.19
01922  31.875189  -0.163407   0.185000   0.000000     6.964   4.87   2.21   0.40   0.18
01942   8.611361   0.354723   0.195000   0.000000     6.929   2.73   1.65   0.26   0.16
01946   1.876497  -0.771529   0.220000   0.000000     6.924   0.69   0.83   0.09   0.11
01962  16.431557  -0.793709   0.075000   0.000000     6.900  10.56   3.25   0.73   0.23
01964  16.740135  -0.816667   0.143000   0.003000     6.898   3.43   1.85   0.31   0.17
01970 340.045400  -0.875390   0.070000   0.000000     6.888  21.30   4.62   1.26   0.27
01980 323.691960   0.874398   0.095000   0.000000     6.872   0.00   0.00   0.15   0.10
01982  42.244213  -0.773383   0.100000   0.000000     6.871   4.81   2.19   0.40   0.18
01988  11.128313   0.726962   0.180000   0.000000     6.863   3.89   1.97   0.34   0.17
01990  30.664736  -1.075422   0.195000   0.000000     6.863   4.19   2.05   0.36   0.18
02004  32.393997  -0.169686   0.155000   0.000000     6.841   5.79   2.41   0.46   0.19
02011  27.873415  -1.006267   0.207000   0.008000     6.832   2.96   1.72   0.28   0.16
02014  42.248520  -0.121281   0.186000   0.004000     6.831   2.77   1.66   0.26   0.16
02030 335.983830  -0.822964   0.155000   0.000000     6.816   7.75   2.78   0.58   0.21
02031 343.079040   1.230725   0.210000   0.000000     6.815   2.87   1.69   0.27   0.16
02035 326.618960   1.292732   0.185000   0.005000     6.811   0.00   0.00   0.15   0.10
02045  17.685370   0.034754   0.230000   0.000000     6.803   2.27   1.51   0.23   0.15
02056  47.698963   0.066538   0.215000   0.000000     6.783   0.47   0.68   0.07   0.10
02058  17.957718  -0.497996   0.206000   0.009000     6.780   3.08   1.75   0.28   0.16
02059 350.229280   0.534406   0.200000   0.000000     6.779   4.53   2.13   0.38   0.18
02061  24.868565  -0.745899   0.180000   0.000000     6.775   2.49   1.58   0.24   0.15
02067 354.627660  -1.264044   0.200000   0.000000     6.771  10.05   3.17   0.71   0.22
02068  14.331123  -0.765269   0.215000   0.000000     6.769   5.19   2.28   0.43   0.19
02070  21.914164   1.032390   0.220600   0.004400     6.768   0.83   0.91   0.10   0.11
02071  20.065228  -0.094078   0.095000   0.000000     6.765   7.61   2.76   0.57   0.21
02084   1.276454   0.391550   0.085000   0.000000     6.754   7.89   2.81   0.59   0.21
02088  33.794760   0.913425   0.135000   0.000000     6.749   4.48   2.12   0.38   0.18
02097  17.387903  -0.905539   0.210000   0.000000     6.739   3.88   1.97   0.34   0.17
02098 331.196930   0.273344   0.120000   0.000000     6.739   4.00   2.00   0.35   0.17
02113  25.456278   1.000686   0.189000   0.006000     6.723   2.66   1.63   0.25   0.16
02116 339.665220  -0.428420   0.195000   0.000000     6.715   4.11   2.03   0.36   0.18
02130   0.912949  -0.518137   0.060000   0.000000     6.699   0.50   0.71   0.07   0.10
02139 324.721500  -1.122077   0.163000   0.003000     6.689   0.00   0.00   0.15   0.10
02142  23.736654   0.382637   0.160000   0.000000     6.684   4.48   2.12   0.38   0.18
02162  56.880760   0.950977   0.200000   0.000000     6.658   4.75   2.18   0.40   0.18
02165 340.590480   0.876267   0.115000   0.000000     6.656   4.85   2.20   0.40   0.18
02177  37.754470   1.159760   0.150000   0.000000     6.636   4.41   2.10   0.38   0.18
02202 324.728600  -1.118963   0.220000   0.000000     6.597   0.00   0.00   0.15   0.10
02209   0.896291   0.474818   0.205000   0.000000     6.587   4.19   2.05   0.36   0.18
02242 338.028080  -0.696602   0.140000   0.000000     6.550  16.00   4.00   1.01   0.25
02265  39.253704  -0.408318   0.190000   0.000000     6.525   1.81   1.35   0.19   0.14
02273 352.902370   0.121088   0.219000   0.006000     6.507   1.61   1.27   0.17   0.14
02274  15.362394   0.757986   0.220000   0.000000     6.506   4.08   2.02   0.35   0.17
02331  51.551563  -0.624019   0.050000   0.000000     6.440   9.02   3.00   0.65   0.22
02335 326.390050   1.291854   0.187000   0.007000     6.437   1.56   1.25   0.17   0.14
02342  17.894506  -0.785930   0.132550   0.002550     6.430   5.41   2.33   0.44   0.19
02344  41.988080  -0.338908   0.180000   0.000000     6.428   0.91   0.96   0.11   0.12
02369  20.571192  -0.694421   0.214000   0.009000     6.407   1.80   1.34   0.19   0.14
02409  42.792880   0.951362   0.215000   0.000000     6.373   3.79   1.95   0.33   0.17
02428 340.131470   0.683138   0.210000   0.000000     6.349   3.62   1.90   0.32   0.17
02440 340.926150   0.057146   0.134200   0.009200     6.339   1.79   1.34   0.19   0.14
02455   0.525752  -1.064502   0.145000   0.005000     6.317   4.11   2.03   0.36   0.18
02463  23.294660  -0.780574   0.155000   0.000000     6.311   5.86   2.42   0.47   0.19
02465  42.909546  -1.284289   0.185000   0.005000     6.310   0.46   0.68   0.07   0.10
02468 346.667570  -1.062625   0.210000   0.005000     6.307   2.60   1.61   0.25   0.15
02476  38.870930   0.749111   0.210000   0.000000     6.300   1.62   1.27   0.17   0.14
02482   5.076848   0.674979   0.208000   0.007000     6.292   3.79   1.95   0.33   0.17
02485   6.790456   0.531520   0.225000   0.000000     6.291   1.65   1.29   0.18   0.14
02487 356.693630   1.275703   0.080000   0.000000     6.290   0.95   0.97   0.11   0.12
02496 347.691900   1.123427   0.215000   0.000000     6.279   2.63   1.62   0.25   0.16
02506 340.966980   0.076745   0.183000   0.008000     6.268   1.37   1.17   0.15   0.13
02513  25.073997  -0.103243   0.185000   0.000000     6.258   5.26   2.29   0.43   0.19
02517 359.358580  -0.617811   0.200000   0.000000     6.255   2.72   1.65   0.26   0.16
02528  15.713474   0.227159   0.165800   0.000800     6.247   1.48   1.22   0.16   0.13
02529 328.273000   0.946823   0.220000   0.000000     6.243   2.36   1.54   0.23   0.15
02535 344.586030   0.244748   0.190000   0.000000     6.239   4.55   2.13   0.38   0.18
02545 349.624760  -0.471225   0.190000   0.000000     6.229   5.67   2.38   0.46   0.19
02567  44.077972  -0.941290   0.210000   0.000000     6.208   4.51   2.12   0.38   0.18
02575  35.211780  -0.258494   0.215000   0.000000     6.195   1.64   1.28   0.18   0.14
02576 339.415830  -1.219548   0.155000   0.000000     6.194   7.20   2.68   0.55   0.20
02584  49.639140   1.258586   0.210000   0.005000     6.186   0.00   0.00   0.15   0.10
02586  19.200617  -0.114001   0.170000   0.000000     6.184   2.68   1.64   0.26   0.16
02593  45.647660  -0.662252   0.205000   0.000000     6.176   6.51   2.55   0.51   0.20
02597  29.660055  -1.272659   0.215000   0.000000     6.173   4.67   2.16   0.39   0.18
02606  37.002754   0.669720   0.060000   0.000000     6.166   0.58   0.76   0.08   0.10
02609  26.935892   0.694299   0.175000   0.000000     6.165   4.41   2.10   0.37   0.18
02629   0.829242   1.084579   0.125000   0.000000     6.137   7.49   2.74   0.56   0.21
02638  11.234913   0.434154   0.215000   0.000000     6.128   0.89   0.94   0.11   0.12
02644  11.552919   0.996226   0.115000   0.000000     6.123   6.48   2.54   0.50   0.20
02649  38.341480   0.007964   0.205000   0.000000     6.119   3.20   1.79   0.29   0.16
02654  45.513535  -0.091976   0.200000   0.000000     6.115   1.86   1.36   0.19   0.14
02657  14.033803  -1.021152   0.184850   0.000150     6.113   3.21   1.79   0.29   0.16
02659  47.725384  -0.487386   0.135000   0.000000     6.113   5.35   2.31   0.44   0.19
02663  55.920700  -0.801990   0.210000   0.000000     6.105   0.49   0.70   0.07   0.10
02666 347.156220  -1.116064   0.215000   0.000000     6.102   3.77   1.94   0.33   0.17
02676  23.205470   1.244168   0.170000   0.000000     6.094   6.41   2.53   0.50   0.20
02677  25.240305   0.283433   0.120000   0.000000     6.094   4.31   2.08   0.37   0.18
02699  21.068624  -1.251156   0.166000   0.009000     6.075   6.67   2.58   0.52   0.20
02701  55.277718   0.503538   0.136000   0.004000     6.073   7.57   2.75   0.57   0.21
02708 324.368620   0.509462   0.050000   0.000000     6.065   0.00   0.00   0.15   0.10
02711 342.916380   0.319472   0.202200   0.002200     6.063   5.67   2.38   0.46   0.19
02713  15.371813  -0.296887   0.200000   0.000000     6.063   1.19   1.09   0.14   0.13
02742 341.446260  -0.312142   0.190250   0.000250     6.036   3.25   1.80   0.30   0.16
02743 327.163400   0.545416   0.209000   0.004000     6.036   2.49   1.58   0.24   0.15
02745  33.833430   1.019661   0.225000   0.000000     6.035   1.61   1.27   0.17   0.14
02750 331.296880  -0.532440   0.230000   0.000000     6.031   2.43   1.56   0.24   0.15
02758 346.334530   0.815131   0.070000   0.000000     6.023   4.71   2.17   0.39   0.18
02771  54.357456   0.049791   0.143000   0.007000     6.013   6.57   2.56   0.51   0.20
02777  15.036804   0.111157   0.154000   0.004000     6.009   7.03   2.65   0.54   0.20
02780  24.322273  -0.431516   0.060000   0.000000     6.007   7.17   2.68   0.55   0.20
02781 334.636320  -0.478748   0.125000   0.000000     6.005   2.16   1.47   0.22   0.15
02818 331.560970  -0.503999   0.170000   0.000000     5.978   3.45   1.86   0.31   0.17
02825  27.415333  -0.612093   0.125000   0.000000     5.974   2.04   1.43   0.21   0.15
02838 324.475900   0.252464   0.129000   0.001000     5.962   0.00   0.00   0.15   0.10
02847 332.834230  -0.033707   0.213000   0.007000     5.954   2.71   1.65   0.26   0.16
02856  30.719330   0.050277   0.065000   0.000000     5.950   1.28   1.13   0.14   0.13
02867  30.430980  -0.936371   0.215000   0.000000     5.943   4.60   2.15   0.39   0.18
02880   1.833245   0.484908   0.110000   0.000000     5.932   9.39   3.06   0.67   0.22
02888  18.961937  -0.173527   0.195000   0.005000     5.925   5.14   2.27   0.42   0.19
02898 351.799160  -0.740729   0.130000   0.000000     5.917  11.94   3.45   0.81   0.23
02908 342.239750   0.813337   0.165000   0.000000     5.908   2.02   1.42   0.21   0.14
02916  30.503633  -1.056307   0.055000   0.000000     5.904  16.98   4.12   1.06   0.26
02918 357.636720  -0.001664   0.190000   0.000000     5.903   3.39   1.84   0.31   0.17
02931   5.110132  -0.104996   0.065000   0.000000     5.893   9.51   3.08   0.68   0.22
02933 337.827200   1.115096   0.055000   0.000000     5.890   5.20   2.28   0.43   0.19
02942  19.485878  -1.250313   0.220000   0.000000     5.883   4.08   2.02   0.35   0.17
02950 323.946700   0.972175   0.130000   0.000000     5.876   0.00   0.00   0.15   0.10
02954  18.455110  -0.643245   0.192700   0.007300     5.870   3.19   1.79   0.29   0.16
02973 345.596650   1.265052   0.090000   0.000000     5.854   2.40   1.55   0.23   0.15
02974 347.736820  -0.816627   0.210000   0.000000     5.853   2.93   1.71   0.27   0.16
02989 350.024870  -0.074436   0.230000   0.000000     5.840   1.47   1.21   0.16   0.13
02993 334.171970  -0.925882   0.130000   0.000000     5.838  11.65   3.41   0.79   0.23
02995 342.647060   0.800789   0.183000   0.002000     5.838   4.65   2.16   0.39   0.18
03007  11.655810   0.460660   0.170000   0.000000     5.832   1.13   1.06   0.13   0.12
03017 332.304260   0.136254   0.194000   0.001000     5.826   4.27   2.07   0.37   0.18
03048 356.276860   0.786511   0.211000   0.006000     5.806   3.42   1.85   0.31   0.17
03053 344.539150   1.157973   0.095000   0.000000     5.801   7.82   2.80   0.58   0.21
03061  32.164520   0.515785   0.070000   0.000000     5.792   5.97   2.44   0.47   0.19
03064  26.961386  -1.053663   0.150000   0.000000     5.790   5.85   2.42   0.47   0.19
03069  15.385654  -0.655138   0.220000   0.000000     5.788   3.88   1.97   0.34   0.17
03083  37.766530  -0.180256   0.205000   0.000000     5.779   2.33   1.53   0.23   0.15
03095 325.713800   0.004722   0.210000   0.000000     5.774   1.47   1.21   0.16   0.13
03101 326.102750   1.142594   0.195000   0.000000     5.769   1.75   1.32   0.18   0.14
03111  44.446240   0.010950   0.200000   0.000000     5.762   4.47   2.12   0.38   0.18
03120 342.868300  -0.584835   0.166000   0.001000     5.758   4.84   2.20   0.40   0.18
03141  19.351034  -1.184431   0.185000   0.000000     5.739   3.47   1.86   0.31   0.17
03151  20.721851  -0.004947   0.185000   0.000000     5.730   2.97   1.72   0.28   0.16
03174 351.178130  -0.965523   0.110000   0.000000     5.715  17.72   4.21   1.09   0.26
03178 353.621800  -0.619081   0.145000   0.000000     5.713   0.00   0.00   0.15   0.10
03185  34.737755   0.014466   0.145000   0.000000     5.710   4.42   2.10   0.38   0.18
03195 343.283260  -1.083585   0.225000   0.000000     5.702   6.37   2.52   0.50   0.20
03199  16.699377   0.561582   0.112000   0.003000     5.698   2.91   1.71   0.27   0.16
03209  33.126850   0.185544   0.216700   0.008300     5.692   3.41   1.85   0.31   0.17
03227  47.180218   0.506911   0.212000   0.003000     5.681   1.83   1.35   0.19   0.14
03233  56.135582   1.073847   0.140000   0.000000     5.679   4.78   2.19   0.40   0.18
03242  57.250620   0.093900   0.135000   0.010000     5.677   2.44   1.56   0.24   0.15
03267 342.816680  -0.797736   0.185000   0.000000     5.659   3.41   1.85   0.31   0.17
03270 331.536680   1.063948   0.120000   0.000000     5.659   5.48   2.34   0.44   0.19
03271   9.652318   0.121523   0.065000   0.000000     5.659   4.54   2.13   0.38   0.18
03274 353.996250  -0.861659   0.119000   0.006000     5.657   5.29   2.30   0.43   0.19
03286  50.302260   0.676028   0.210000   0.000000     5.651   0.00   0.00   0.15   0.10
03297  20.481380  -1.037633   0.060000   0.000000     5.645   4.60   2.14   0.39   0.18
03298 326.809000   1.293458   0.212400   0.002600     5.644   0.00   0.00   0.15   0.10
03318   9.351975   0.054942   0.100000   0.000000     5.629   3.34   1.83   0.30   0.17
03326  21.847784  -1.266325   0.160000   0.000000     5.625   2.67   1.63   0.26   0.16
03331  43.786724   0.264929   0.190000   0.000000     5.622   2.67   1.63   0.25   0.16
03332 341.222080   0.060444   0.095000   0.000000     5.622   4.61   2.15   0.39   0.18
03355  22.986952  -0.748044   0.205000   0.000000     5.606   2.60   1.61   0.25   0.15
03361   3.656783  -0.028333   0.070000   0.000000     5.601  10.23   3.20   0.72   0.22
03371   5.700196   0.368297   0.155000   0.000000     5.594   1.77   1.33   0.19   0.14
03372 345.312440   0.488375   0.125000   0.000000     5.593   4.67   2.16   0.39   0.18
03380 339.058140  -0.268469   0.210000   0.000000     5.589   0.59   0.77   0.08   0.10
03393 349.487000   0.461234   0.210000   0.000000     5.581   0.79   0.89   0.10   0.11
03395 328.880900   1.085062   0.225000   0.000000     5.579   3.40   1.84   0.31   0.17
03397  18.476473   1.066548   0.205000   0.000000     5.578   1.96   1.40   0.20   0.14
03410 340.057040  -0.520025   0.115000   0.000000     5.569   2.60   1.61   0.25   0.15
03415  46.646957   0.986180   0.160000   0.000000     5.566   7.25   2.69   0.55   0.20
03424  48.079760   0.013908   0.105000   0.000000     5.559   5.77   2.40   0.46   0.19
03448 348.828430   0.004956   0.205700   0.009300     5.550   1.43   1.20   0.16   0.13
03453  23.707533  -0.852355   0.160000   0.000000     5.549   5.13   2.26   0.42   0.19
03464   3.926772  -0.801672   0.155000   0.000000     5.543   4.75   2.18   0.40   0.18
03472   5.076804  -0.261657   0.220000   0.000000     5.538   2.04   1.43   0.21   0.15
03481 344.214000   0.129692   0.227100   0.002900     5.534   2.28   1.51   0.23   0.15
03496  46.148810  -0.857162   0.225000   0.000000     5.528   1.69   1.30   0.18   0.14
03498  29.419428  -0.141470   0.125000   0.005000     5.526   6.63   2.57   0.51   0.20
03502  43.163370  -0.152356   0.060000   0.000000     5.523   3.51   1.87   0.31   0.17
03525  18.882557  -0.887556   0.090000   0.000000     5.510   0.65   0.80   0.09   0.11
03526  41.011510  -0.716141   0.221000   0.004000     5.508   1.93   1.39   0.20   0.14
03530  32.154633  -0.625747   0.221700   0.006700     5.506   0.52   0.72   0.07   0.10
03540  16.559990   1.154808   0.157000   0.008000     5.500   2.62   1.62   0.25   0.16
03552  41.006060  -0.928000   0.220300   0.004700     5.495   3.40   1.84   0.31   0.17
03556  17.522790   1.107358   0.188000   0.007000     5.493   5.00   2.24   0.41   0.18
03558 335.857820   0.580277   0.088000   0.008000     5.492   0.83   0.91   0.10   0.11
03559  51.027160   0.545770   0.175000   0.000000     5.492   5.45   2.33   0.44   0.19
03562 332.025940   0.517407   0.110000   0.000000     5.486   0.23   0.48   0.04   0.08
03578  11.054619  -0.504068   0.110000   0.000000     5.480   6.82   2.61   0.53   0.20
03588  19.156885   0.047916   0.225000   0.000000     5.476   1.75   1.32   0.18   0.14
03594  50.743015   0.399436   0.050000   0.000000     5.474   4.15   2.04   0.36   0.18
03597  34.323486   0.278352   0.150000   0.000000     5.473   6.07   2.46   0.48   0.19
03599 326.807040   0.753314   0.129000   0.009000     5.471   5.53   2.35   0.45   0.19
03602  23.509083  -1.105607   0.095000   0.000000     5.470   7.25   2.69   0.55   0.20
03609  22.607801  -0.455649   0.220000   0.000000     5.467   1.32   1.15   0.15   0.13
03618  48.521313  -0.680429   0.230000   0.000000     5.463   4.79   2.19   0.40   0.18
03622  52.367832  -0.524710   0.095000   0.000000     5.460   4.24   2.06   0.36   0.18
03623   8.664875   0.624504   0.065000   0.000000     5.460   1.01   1.00   0.12   0.12
03634  33.268585   0.433872   0.225000   0.000000     5.453   4.58   2.14   0.39   0.18
03635  48.623478   0.245233   0.125000   0.000000     5.452   6.34   2.52   0.50   0.20
03637 344.927670   0.054233   0.115000   0.000000     5.450   7.10   2.66   0.54   0.20
03664 339.645260   0.073301   0.225000   0.000000     5.436   3.85   1.96   0.34   0.17
03669 350.190340   1.239195   0.190000   0.000000     5.431   2.09   1.45   0.21   0.15
03671 342.263340   0.852647   0.220000   0.000000     5.430   1.79   1.34   0.19   0.14
03678  58.268180   1.111389   0.225000   0.000000     5.426   0.90   0.95   0.11   0.12
03688  57.142426   1.021478   0.220000   0.000000     5.421   0.83   0.91   0.10   0.11
03693  19.734070   1.058401   0.210000   0.000000     5.419   3.59   1.90   0.32   0.17
03715  15.341838   0.469393   0.110000   0.000000     5.411   4.28   2.07   0.37   0.18
03723 354.033870   0.154404   0.198000   0.002000     5.406   2.27   1.51   0.23   0.15
03724 358.671450  -0.018313   0.225000   0.000000     5.405   0.25   0.50   0.04   0.08
03749  28.828747  -0.180703   0.225000   0.000000     5.390   2.74   1.66   0.26   0.16
03757  46.613785   0.349468   0.225000   0.000000     5.386   1.98   1.41   0.20   0.14
03771 335.070000   1.153698   0.220000   0.000000     5.377   2.52   1.59   0.24   0.15
03775 332.625240   0.582348   0.195000   0.000000     5.374   2.61   1.62   0.25   0.16
03783  16.454556   0.545143   0.125000   0.000000     5.369   1.05   1.02   0.12   0.12
03798 345.939820   0.771895   0.160000   0.000000     5.361   4.33   2.08   0.37   0.18
03800 341.750200   0.907499   0.155000   0.000000     5.359   5.40   2.32   0.44   0.19
03816  47.222000  -1.160946   0.140000   0.000000     5.351   2.54   1.59   0.25   0.15
03825   3.343373   0.921657   0.150400   0.009600     5.349   4.42   2.10   0.38   0.18
03826 340.647060   0.037534   0.085000   0.000000     5.348   1.25   1.12   0.14   0.13
03831  21.906572   0.811755   0.155000   0.000000     5.345   2.53   1.59   0.24   0.15
03859   3.179952   1.228319   0.145000   0.000000     5.333   2.41   1.55   0.24   0.15
03866  51.305450  -0.142024   0.145000   0.000000     5.330   5.75   2.40   0.46   0.19
03883   6.603662   0.168293   0.135000   0.000000     5.324   1.69   1.30   0.18   0.14
03885 358.991120  -1.053973   0.125000   0.000000     5.322   9.23   3.04   0.66   0.22
03887  13.404087   0.583068   0.168000   0.002000     5.321   4.02   2.00   0.35   0.17
03890  13.110494   1.005219   0.205000   0.000000     5.320   1.64   1.28   0.17   0.14
03898  40.078500  -1.199962   0.215000   0.000000     5.316   0.90   0.95   0.11   0.12
03907 338.965600  -0.431100   0.080000   0.000000     5.314   4.61   2.15   0.39   0.18
03914  43.152660  -0.058117   0.155000   0.000000     5.311   2.52   1.59   0.24   0.15
03915  14.702024  -0.204121   0.175000   0.000000     5.311   5.60   2.37   0.45   0.19
03949   5.663516   0.288306   0.115000   0.000000     5.289   4.08   2.02   0.35   0.17
03965 351.276730   0.223596   0.161000   0.004000     5.282   5.04   2.24   0.42   0.19
03966  32.180660  -0.991123   0.215000   0.000000     5.282   0.00   0.00   0.15   0.10
03971  26.127140   0.721448   0.120000   0.000000     5.281   1.87   1.37   0.19   0.14
03975  10.827380   0.221283   0.110000   0.000000     5.280   5.34   2.31   0.43   0.19
03980 339.437200  -0.021167   0.230000   0.000000     5.277   2.06   1.44   0.21   0.15
03989 353.916380   0.589342   0.215000   0.000000     5.273   2.28   1.51   0.23   0.15
04001   3.880087   1.138350   0.137000   0.008000     5.270   5.63   2.37   0.45   0.19
04018 334.654020  -0.307893   0.215000   0.000000     5.259   1.00   1.00   0.12   0.12
04026 328.505100   0.826825   0.144000   0.009000     5.254   3.95   1.99   0.34   0.17
04027  26.887018  -0.102928   0.210000   0.000000     5.254   0.81   0.90   0.10   0.11
04034  15.878244  -0.691326   0.190000   0.000000     5.252   0.20   0.45   0.04   0.08
04051 346.781160   1.290182   0.195000   0.000000     5.244   0.68   0.83   0.09   0.11
04053  20.014921  -0.328467   0.170000   0.000000     5.243   2.04   1.43   0.21   0.15
04063   4.213452   0.315000   0.220000   0.000000     5.240   0.89   0.94   0.11   0.12
04081 342.362900  -0.535241   0.195000   0.000000     5.230   3.07   1.75   0.28   0.16
04103 350.270840   1.262466   0.125000   0.000000     5.222   5.94   2.44   0.47   0.19
04110 355.858120   1.298343   0.193000   0.003000     5.218   2.56   1.60   0.25   0.15
04119 357.446400   0.008319   0.230000   0.000000     5.214   1.00   1.00   0.12   0.12
04123  17.704515  -1.226310   0.180000   0.000000     5.211   3.28   1.81   0.30   0.16
04127  24.213630  -0.244512   0.185000   0.005000     5.210   2.55   1.60   0.25   0.15
04130  21.503830  -1.296569   0.221000   0.009000     5.208   2.83   1.68   0.27   0.16
04138 353.604200  -1.050607   0.200000   0.000000     5.203   5.30   2.30   0.43   0.19
04148 359.845300   1.017650   0.170000   0.000000     5.196   2.40   1.55   0.24   0.15
04155 336.283900   0.558165   0.225000   0.000000     5.194   1.99   1.41   0.20   0.14
04156  44.432243  -0.865131   0.210000   0.000000     5.194   0.48   0.69   0.07   0.10
04170   8.341211   0.484667   0.160000   0.000000     5.189   3.96   1.99   0.35   0.17
04179 335.125100  -0.579332   0.200000   0.000000     5.186   0.75   0.86   0.10   0.11
04187 347.282230  -0.756798   0.213000   0.003000     5.183   1.67   1.29   0.18   0.14
04190  46.751930   0.728109   0.175000   0.000000     5.183   4.79   2.19   0.40   0.18
04192   6.556979   0.108308   0.225000   0.000000     5.182   0.91   0.95   0.11   0.12
04196 356.543880   0.962923   0.115000   0.000000     5.180   6.82   2.61   0.53   0.20
04197 353.682200   0.519521   0.216200   0.006200     5.179   0.64   0.80   0.09   0.11
04201  48.171993  -1.030418   0.100000   0.000000     5.176   1.93   1.39   0.20   0.14
04204 341.959600   0.044164   0.140000   0.000000     5.174   1.59   1.26   0.17   0.14
04213 330.241400  -1.194317   0.215000   0.000000     5.169   1.83   1.35   0.19   0.14
04230 350.786600   0.498295   0.186000   0.001000     5.165   2.56   1.60   0.25   0.15
04237  14.072764   0.011622   0.180000   0.000000     5.163   2.74   1.66   0.26   0.16
04238  48.150700  -1.055216   0.190000   0.000000     5.162   1.73   1.32   0.18   0.14
04241  28.136380   0.099435   0.225000   0.000000     5.162   0.85   0.92   0.11   0.11
04242  53.588825   0.724993   0.205000   0.000000     5.161   1.70   1.30   0.18   0.14
04246  31.004800  -0.581900   0.230000   0.000000     5.159   1.66   1.29   0.18   0.14
04248 335.280600  -1.076754   0.130000   0.000000     5.158   6.07   2.46   0.48   0.19
04249  15.674249   0.887118   0.215000   0.000000     5.158   1.84   1.35   0.19   0.14
04254 333.019380   1.180290   0.195000   0.000000     5.156   3.18   1.78   0.29   0.16
04264  50.952724  -0.074930   0.075000   0.000000     5.149   8.44   2.91   0.62   0.21
04277  16.855510  -1.253864   0.200000   0.000000     5.144   1.63   1.28   0.17   0.14
04279 335.516940  -1.216233   0.230000   0.000000     5.143   4.44   2.11   0.38   0.18
04281 336.882570   0.950913   0.195500   0.004500     5.140   6.16   2.48   0.49   0.20
04285  37.454838   1.138321   0.210000   0.000000     5.140   2.47   1.57   0.24   0.15
04288  10.637595   0.873578   0.145000   0.000000     5.139   5.03   2.24   0.42   0.19
04289 355.064030   0.330640   0.125000   0.000000     5.139   4.94   2.22   0.41   0.18
04303   1.036172  -0.851373   0.225000   0.000000     5.134   0.79   0.89   0.10   0.11
04321 326.686430   0.093143   0.225000   0.000000     5.126   2.64   1.62   0.25   0.16
04328  26.638615  -1.100028   0.170000   0.000000     5.123   5.13   2.26   0.42   0.19
04332  17.695694  -0.402147   0.110000   0.000000     5.120   2.71   1.65   0.26   0.16
04344   6.610366   0.391572   0.200000   0.000000     5.116   2.74   1.66   0.26   0.16
04361 343.966200   0.576011   0.230000   0.000000     5.109   1.35   1.16   0.15   0.13
04366 324.702850   0.007846   0.112200   0.007800     5.108   0.00   0.00   0.15   0.10
04382  47.380660  -1.228476   0.200000   0.000000     5.099   1.26   1.12   0.14   0.13
04406 331.720600   0.520210   0.195000   0.000000     5.086   2.93   1.71   0.27   0.16
04407 343.841670   0.037737   0.210000   0.000000     5.086   4.45   2.11   0.38   0.18
04409  34.047314   0.262432   0.160000   0.000000     5.086   1.73   1.32   0.18   0.14
04415  41.083168  -0.197568   0.160000   0.000000     5.082   1.65   1.28   0.18   0.14
04419 328.279080  -1.054690   0.140000   0.000000     5.080  11.27   3.36   0.77   0.23
04421   8.501522  -0.784423   0.180000   0.000000     5.080   4.13   2.03   0.36   0.18
04428   3.793402  -1.201685   0.205000   0.000000     5.077   1.80   1.34   0.19   0.14
04436 329.557900  -1.179395   0.120000   0.000000     5.075  11.55   3.40   0.79   0.23
04446  45.856464   0.898487   0.220000   0.000000     5.070   2.73   1.65   0.26   0.16
04455 341.453300  -0.004903   0.160000   0.000000     5.066   0.24   0.48   0.04   0.08
04462  33.958840   1.173966   0.230000   0.000000     5.062   0.48   0.69   0.07   0.10
04484  11.565572   0.404138   0.105000   0.000000     5.054   8.42   2.90   0.62   0.21
04496  28.860367  -1.229061   0.159500   0.009500     5.049   1.47   1.21   0.16   0.13
04500 356.120000   0.653423   0.225000   0.000000     5.047   2.82   1.68   0.27   0.16
04503 338.009460  -0.982357   0.195000   0.000000     5.046   7.37   2.72   0.56   0.21
04512 328.752870  -0.182629   0.230000   0.000000     5.042   2.22   1.49   0.22   0.15
04521  28.321701  -0.669738   0.185000   0.000000     5.036   1.39   1.18   0.15   0.13
04533  21.530783  -0.004942   0.105000   0.000000     5.030   8.25   2.87   0.61   0.21
04541 328.161500   1.247777   0.155000   0.000000     5.026   3.60   1.90   0.32   0.17
04556  40.458344   0.318264   0.165000   0.000000     5.016   0.00   0.00   0.15   0.10
04576  15.844829   0.741085   0.210000   0.000000     5.009   6.29   2.51   0.49   0.20
